time(seconds),sensor id,humidity,PM_2.5A,PM_2.5B
1724187600,128729,53.4,1.534,1.595
1724230800,128729,72.0,3.298,3.236
1724234400,128729,72.2,3.341,3.356
1725145200,128729,60.034,4.992,5.172
1724238000,128729,70.0,3.261,3.32
1724684400,128729,49.2,21.793,22.51
1725138000,128729,55.867,2.99,2.975
1726988400,128729,82.0,3.513,3.594
1724241600,128729,64.5,3.619,3.582
1724461200,128729,62.5,15.387,16.806
1724680800,128729,57.466,22.31,23.818
1724922000,128729,51.7,2.95,2.889
1725152400,128729,68.666,5.094,5.114
1726765200,128729,60.433,4.043,3.958
1726981200,128729,82.0,3.293,3.236
1727226000,128729,65.0,3.596,3.623
1724205600,128729,68.666,7.131,7.418
1724335200,128729,50.7,0.911,0.744
1724443200,128729,39.434,8.509,9.091
1724558400,128729,70.9,27.259,29.1
1724670000,128729,74.534,22.603,24.87
1724788800,128729,43.5,19.551,20.587
1724900400,128729,52.367,4.224,4.439
1725015600,128729,68.9,3.486,3.155
1725127200,128729,50.4,3.058,3.114
1725253200,128729,77.534,15.839,16.95
1725364800,128729,57.566,2.364,2.395
1726862400,128729,71.466,10.29,10.268
1726970400,128729,81.666,3.503,3.334
1727089200,128729,74.767,2.542,2.538
1727200800,128729,56.233,2.503,2.474
1727316000,128729,65.8,1.189,1.176
1724198400,128729,61.0,3.575,3.697
1724263200,128729,44.0,3.148,3.145
1724317200,128729,71.0,2.928,2.861
1724374800,128729,63.867,7.029,7.314
1724428800,128729,35.6,7.983,8.284
1724490000,128729,71.9,14.609,16.056
1724544000,128729,57.7,22.609,24.709
1724601600,128729,42.733,19.17,20.268
1724659200,128729,73.034,20.682,22.928
1724724000,128729,77.733,14.284,15.432
1724778000,128729,46.834,18.401,19.425
1724835600,128729,68.0,18.956,20.583
1724889600,128729,56.166,3.774,3.675
1724950800,128729,44.867,3.468,3.317
1725004800,128729,69.933,2.879,2.829
1725062400,128729,54.233,1.7,1.648
1725120000,128729,48.433,3.204,3.295
1725184800,128729,73.566,5.619,5.986
1725238800,128729,73.434,15.966,17.195
1725296400,128729,31.434,4.179,4.056
1725350400,128729,60.534,2.303,2.321
1726790400,128729,65.633,1.909,1.74
1726848000,128729,70.633,8.899,9.212
1726905600,128729,79.333,3.397,3.482
1726963200,128729,83.966,2.881,2.656
1727028000,128729,55.4,2.715,2.463
1727082000,128729,72.3,2.32,2.22
1727139600,128729,64.7,3.611,3.739
1727193600,128729,64.834,3.088,3.058
1727251200,128729,71.0,3.796,4.031
1727308800,128729,63.233,2.147,1.95
1727366400,128729,77.133,3.689,3.909
1729195200,222275,33.666,2.442,2.3
1724202000,128729,66.133,4.633,4.585
1724248800,128729,53.3,2.819,2.833
1724274000,128729,46.633,3.56,3.681
1724302800,128729,68.934,4.142,4.216
1724328000,128729,62.967,2.471,2.44
1724360400,128729,46.7,3.19,3.157
1724385600,128729,70.867,7.292,7.781
1724414400,128729,66.5,8.113,8.46
1724439600,128729,35.367,8.502,8.822
1724475600,128729,71.0,13.264,14.101
1724500800,128729,67.0,12.656,13.453
1724529600,128729,39.833,9.464,9.969
1724554800,128729,69.8,25.029,27.3
1724587200,128729,67.2,19.193,21.197
1724612400,128729,46.033,18.751,20.038
1724641200,128729,68.7,19.77,22.014
1724666400,128729,74.433,22.283,24.407
1724706000,128729,70.167,15.277,16.41
1724731200,128729,78.034,12.878,13.68
1724760000,128729,75.8,12.66,13.37
1724785200,128729,46.067,19.215,20.768
1724817600,128729,68.966,21.282,22.447
1724842800,128729,69.0,20.209,21.58
1724871600,128729,53.433,15.69,16.47
1724896800,128729,54.0,3.764,3.679
1724932800,128729,56.034,3.159,3.083
1724958000,128729,43.233,3.204,3.17
1724986800,128729,63.834,2.872,2.76
1725012000,128729,70.2,2.755,2.709
1725044400,128729,41.267,0.492,0.41
1725069600,128729,64.567,2.97,2.92
1725098400,128729,73.1,4.929,4.999
1725123600,128729,50.0,3.099,3.185
1725166800,128729,73.034,5.839,6.138
1725192000,128729,71.3,7.886,8.299
1725220800,128729,67.6,11.803,12.453
1725246000,128729,75.034,15.654,16.925
1725278400,128729,52.3,4.716,4.941
1725303600,128729,31.434,3.415,3.273
1725332400,128729,46.334,1.445,1.31
1725357600,128729,65.233,2.091,2.138
1726776000,128729,62.061,1.964,1.867
1726801200,128729,75.3,1.542,1.536
1726830000,128729,79.633,5.981,6.063
1726855200,128729,72.4,7.685,7.72
1726887600,128729,71.034,5.146,5.194
1726912800,128729,82.233,3.45,3.312
1726941600,128729,84.367,2.027,1.812
1726966800,128729,82.166,2.76,2.479
1727006400,128729,79.066,4.029,4.042
1727031600,128729,51.8,2.774,2.523
1727060400,128729,67.1,2.112,1.944
1727085600,128729,72.967,2.409,2.35
1727118000,128729,52.966,2.138,1.96
1727143200,128729,66.334,2.709,2.749
1727172000,128729,73.166,3.142,3.305
1727197200,128729,59.633,2.752,2.73
1727233200,128729,67.434,3.676,3.639
1727258400,128729,72.1,4.308,4.558
1727287200,128729,54.6,2.244,2.37
1727312400,128729,64.934,1.57,1.415
1727344800,128729,73.8,1.149,1.032
1728921600,128729,78.466,3.439,3.708
1729195200,128729,44.034,2.785,2.864
1724194800,128729,55.867,3.035,3.015
1724212800,128729,70.966,4.629,4.573
1724245200,128729,57.534,3.355,3.516
1724256000,128729,41.45,2.897,2.99
1724270400,128729,45.133,3.227,3.33
1724284800,128729,56.3,4.227,4.484
1724299200,128729,67.433,4.273,4.416
1724310000,128729,70.933,2.883,2.897
1724324400,128729,68.933,2.761,2.604
1724338800,128729,45.667,0.54,0.353
1724356800,128729,46.034,2.505,2.565
1724367600,128729,54.933,4.73,5.12
1724382000,128729,69.4,7.017,7.45
1724396400,128729,71.834,6.633,7.046
1724410800,128729,70.034,7.271,7.776
1724421600,128729,48.133,8.184,8.274
1724436000,128729,34.266,8.704,9.088
1724450400,128729,43.733,9.081,9.683
1724472000,128729,70.6,14.178,15.034
1724482800,128729,72.2,14.195,15.187
1724497200,128729,69.934,11.616,12.509
1724511600,128729,38.166,9.394,9.826
1724526000,128729,38.867,9.48,9.777
1724536800,128729,45.367,14.255,14.944
1724551200,128729,67.4,25.77,27.85
1724565600,128729,71.233,22.896,24.988
1724583600,128729,70.0,20.566,22.303
1724594400,128729,53.034,18.053,19.02
1724608800,128729,45.233,19.864,21.377
1724623200,128729,48.333,20.204,22.01
1724637600,128729,65.5,18.965,20.831
1724648400,128729,71.867,20.665,22.879
1724662800,128729,73.5,21.398,22.968
1724677200,128729,64.7,24.624,26.67
1724698800,128729,62.966,22.07,23.852
1724713200,128729,78.934,14.537,15.533
1724727600,128729,77.834,14.226,15.48
1724742000,128729,76.9,11.2,11.686
1724756400,128729,76.767,11.463,11.818
1724767200,128729,64.334,15.695,16.737
1724781600,128729,45.967,19.352,20.208
1724796000,128729,46.367,17.867,19.645
1724814000,128729,68.934,20.501,22.399
1724824800,128729,66.534,18.922,20.442
1724839200,128729,69.733,19.256,20.956
1724853600,128729,57.6,23.276,24.586
1724868000,128729,51.6,15.77,16.352
1724878800,128729,52.6,9.604,10.384
1724893200,128729,57.367,3.615,3.729
1724907600,128729,52.4,5.166,5.21
1724929200,128729,55.666,4.018,4.035
1724940000,128729,52.834,3.271,3.091
1724954400,128729,44.267,3.167,3.105
1724968800,128729,46.633,2.798,2.75
1724983200,128729,58.3,3.452,3.42
1724994000,128729,67.5,2.573,2.547
1725008400,128729,70.8,2.91,2.795
1725022800,128729,59.133,1.853,1.801
1725040800,128729,41.933,0.606,0.415
1725051600,128729,43.867,0.689,0.458
1725066000,128729,59.617,2.219,2.248
1725080400,128729,70.7,3.209,3.17
1725094800,128729,72.7,4.563,4.62
1725105600,128729,72.3,5.8,6.105
1725116400,128729,54.4,2.532,2.542
1725134400,128729,52.367,2.869,2.933
1725163200,128729,73.966,6.087,6.44
1725174000,128729,72.133,4.671,4.751
1725188400,128729,73.267,6.512,6.816
1725202800,128729,58.966,11.669,12.247
1725217200,128729,64.8,12.7,13.323
1725228000,128729,68.0,12.465,13.373
1725242400,128729,74.4,15.811,17.202
1725256800,128729,74.967,12.442,13.479
1725271200,128729,73.367,8.684,9.293
1725285600,128729,39.567,2.7,2.538
1725300000,128729,30.267,3.926,3.966
1725314400,128729,37.867,3.465,3.698
1725328800,128729,46.034,2.276,2.334
1725339600,128729,46.2,1.365,1.258
1725354000,128729,63.767,2.389,2.368
1725368400,128729,44.766,3.127,3.161
1726772400,128729,65.4,2.185,2.065
1726783200,128729,64.3,2.852,2.545
1726797600,128729,68.167,1.7,1.52
1726812000,128729,79.367,2.701,2.69
1726826400,128729,79.333,2.395,2.324
1726837200,128729,77.733,8.933,9.042
1726851600,128729,72.1,6.957,6.903
1726866000,128729,75.666,23.413,24.349
1726876800,128729,72.5,5.6,5.58
1726894800,128729,71.567,4.44,4.45
1726909200,128729,81.166,2.915,2.805
1726923600,128729,78.834,4.457,4.45
1726938000,128729,84.233,3.048,2.883
1726948800,128729,85.3,1.824,1.648
1726959600,128729,84.9,3.358,3.292
1726977600,128729,82.0,3.088,2.986
1727002800,128729,79.533,3.279,3.419
1727013600,128729,75.733,5.033,5.186
1727024400,128729,59.6,3.582,3.492
1727042400,128729,54.633,1.573,1.304
1727053200,128729,65.367,2.346,1.973
1727067600,128729,68.567,2.228,1.97
1727078400,128729,72.0,2.14,1.962
1727096400,128729,73.9,2.899,2.808
1727114400,128729,53.2,2.396,2.409
1727125200,128729,57.2,2.095,1.947
1727136000,128729,63.933,2.582,2.622
1727154000,128729,69.233,2.232,2.087
1727164800,128729,72.2,2.583,2.442
1727179200,128729,76.0,5.059,5.272
1727190000,128729,65.1,3.338,3.367
1727208000,128729,58.2,2.431,2.412
1727229600,128729,65.5,3.404,3.42
1727240400,128729,69.7,4.012,4.298
1727254800,128729,71.6,3.982,4.382
1727269200,128729,62.067,2.325,2.194
1727283600,128729,54.167,2.031,1.994
1727294400,128729,55.933,1.987,1.941
1727305200,128729,61.767,2.361,2.205
1727323200,128729,67.733,1.024,0.862
1727337600,128729,73.0,1.644,1.53
1727352000,128729,73.467,2.282,2.224
1727362800,128729,75.3,3.872,3.917
1729188000,222641,30.566,3.144,3.483
1729191600,128729,44.0,3.377,3.539
1729195200,222641,34.666,2.048,2.352
1724187600,128729,53.4,1.534,1.595
1724191200,128729,54.067,2.189,2.187
1724209200,128729,70.066,6.244,6.522
1724216400,128729,70.666,4.051,4.111
1724220000,128729,70.0,3.584,3.538
1724223600,128729,70.867,3.901,3.824
1724227200,128729,71.666,3.727,3.714
1724252400,128729,47.233,2.843,2.835
1724259600,128729,43.6,3.195,3.177
1724266800,128729,43.733,3.094,2.87
1724277600,128729,48.4,3.928,4.223
1724281200,128729,54.434,4.079,4.25
1724288400,128729,59.4,5.071,5.199
1724292000,128729,61.767,4.802,5.008
1724295600,128729,65.767,4.861,5.105
1724306400,128729,70.267,3.249,3.161
1724313600,128729,71.267,2.919,2.82
1724320800,128729,71.466,2.803,2.768
1724331600,128729,56.8,1.754,1.772
1724342400,128729,45.334,0.838,0.641
1724346000,128729,44.5,1.138,0.982
1724349600,128729,46.367,1.655,1.433
1724353200,128729,45.034,2.007,1.973
1724364000,128729,48.566,3.989,4.011
1724371200,128729,58.6,5.985,6.47
1724378400,128729,67.666,7.281,7.6
1724389200,128729,71.6,6.957,7.371
1724392800,128729,71.7,6.681,7.103
1724400000,128729,72.0,6.492,6.7
1724403600,128729,72.0,7.76,8.266
1724407200,128729,71.566,7.376,7.712
1724418000,128729,54.3,7.805,8.177
1724425200,128729,43.2,8.396,8.562
1724432400,128729,35.367,8.444,8.556
1724446800,128729,41.834,8.604,9.035
1724454000,128729,49.633,10.956,11.681
1724457600,128729,55.3,13.709,15.015
1724464800,128729,67.367,14.98,16.429
1724468400,128729,69.434,14.642,15.963
1724479200,128729,71.867,13.837,14.883
1724486400,128729,72.067,11.876,12.895
1724493600,128729,71.867,13.742,15.077
1724504400,128729,60.7,12.147,12.913
1724508000,128729,48.367,9.558,9.918
1724515200,128729,33.2,9.584,9.987
1724518800,128729,35.433,10.468,11.277
1724522400,128729,38.567,9.755,10.447
1724533200,128729,41.633,11.591,12.356
1724540400,128729,52.533,16.822,18.421
1724547600,128729,63.133,28.297,30.386
1724562000,128729,71.034,24.974,27.023
1724569200,128729,71.066,20.992,23.481
1724572800,128729,71.334,19.948,22.494
1724576400,128729,71.8,20.272,22.71
1724580000,128729,71.6,19.775,22.013
1724590800,128729,61.7,18.06,19.159
1724598000,128729,44.666,18.93,20.246
1724605200,128729,46.733,20.197,21.581
1724616000,128729,43.567,16.703,18.103
1724619600,128729,43.266,16.149,17.771
1724626800,128729,54.733,19.915,21.644
1724630400,128729,58.0,16.76,18.453
1724634000,128729,61.533,17.614,19.425
1724644800,128729,70.867,20.431,22.034
1724652000,128729,72.233,20.194,22.026
1724655600,128729,72.867,20.761,22.828
1724673600,128729,72.3,23.604,25.178
1724688000,128729,46.867,21.263,22.762
1724691600,128729,46.433,20.596,21.806
1724695200,128729,49.9,20.206,21.617
1724702400,128729,65.1,18.309,19.774
1724709600,128729,78.8,14.918,16.497
1724716800,128729,78.267,14.003,15.027
1724720400,128729,78.1,14.143,15.114
1724734800,128729,77.466,11.82,12.488
1724738400,128729,76.434,11.058,11.669
1724745600,128729,76.1,10.979,11.472
1724749200,128729,76.2,10.578,11.265
1724752800,128729,76.534,11.384,12.392
1724763600,128729,74.233,14.665,15.915
1724770800,128729,53.034,16.808,18.01
1724774400,128729,45.367,17.605,18.401
1724792400,128729,44.7,19.583,21.209
1724799600,128729,52.933,20.41,22.285
1724803200,128729,60.466,21.591,22.919
1724806800,128729,64.867,22.372,24.184
1724810400,128729,67.166,21.711,23.167
1724821200,128729,67.1,19.63,20.922
1724828400,128729,65.767,18.782,20.284
1724832000,128729,66.6,18.643,20.218
1724846400,128729,65.1,20.778,22.267
1724850000,128729,61.966,21.83,23.336
1724857200,128729,51.466,22.578,23.712
1724860800,128729,47.067,20.602,21.517
1724864400,128729,49.567,18.565,19.575
1724875200,128729,52.633,11.205,11.591
1724882400,128729,50.766,6.623,6.8
1724886000,128729,52.267,4.649,4.688
1724904000,128729,52.6,4.979,5.05
1724911200,128729,51.7,4.409,4.493
1724914800,128729,49.133,3.548,3.474
1724918400,128729,49.867,3.333,3.179
1724925600,128729,53.6,3.425,3.452
1724936400,128729,54.1,3.131,3.122
1724943600,128729,47.766,2.734,2.665
1724947200,128729,43.466,2.962,2.82
1724961600,128729,43.167,3.638,3.597
1724965200,128729,43.767,3.463,3.585
1724972400,128729,49.267,2.932,2.72
1724976000,128729,51.3,3.189,3.162
1724979600,128729,53.834,2.586,2.652
1724990400,128729,66.267,2.687,2.595
1724997600,128729,69.0,2.748,2.679
1725001200,128729,69.034,2.782,2.857
1725019200,128729,66.2,3.205,3.08
1725026400,128729,52.367,1.291,1.147
1725030000,128729,46.059,1.339,1.455
1725033600,128729,39.233,1.281,1.232
1725037200,128729,41.3,0.732,0.56
1725048000,128729,42.666,0.669,0.569
1725055200,128729,45.6,0.831,0.702
1725058800,128729,50.066,1.341,1.211
1725073200,128729,67.6,3.02,3.064
1725076800,128729,69.966,3.338,3.141
1725084000,128729,71.067,3.673,3.624
1725087600,128729,72.034,3.534,3.524
1725091200,128729,72.0,3.83,3.8
1725102000,128729,72.733,5.772,5.8
1725109200,128729,69.867,5.034,5.194
1725112800,128729,64.466,4.654,4.665
1725130800,128729,50.133,2.971,3.046
1725141600,128729,55.666,3.822,3.689
1725148800,128729,65.166,6.05,6.339
1725156000,128729,71.633,5.825,5.953
1725159600,128729,74.0,5.721,5.969
1725170400,128729,73.0,5.053,5.142
1725177600,128729,71.8,4.311,4.254
1725181200,128729,72.3,4.448,4.591
1725195600,128729,69.034,9.043,9.552
1725199200,128729,65.533,10.889,11.677
1725206400,128729,58.0,10.93,11.529
1725210000,128729,59.733,10.157,10.59
1725213600,128729,60.567,11.313,11.646
1725224400,128729,67.9,13.667,14.284
1725231600,128729,70.767,12.974,13.59
1725235200,128729,72.367,14.867,16.026
1725249600,128729,76.466,15.936,17.426
1725260400,128729,71.767,9.45,10.349
1725264000,128729,70.667,8.387,8.825
1725267600,128729,72.534,8.991,9.544
1725274800,128729,66.266,7.586,8.027
1725282000,128729,43.434,3.037,2.968
1725289200,128729,32.733,2.675,2.591
1725292800,128729,30.466,3.186,3.251
1725307200,128729,32.933,3.327,3.255
1725310800,128729,34.967,3.431,3.409
1725318000,128729,42.6,4.027,4.335
1725321600,128729,45.133,3.445,3.768
1725325200,128729,46.066,2.932,3.067
1725336000,128729,47.167,1.145,1.003
1725343200,128729,51.633,1.43,1.402
1725346800,128729,56.367,1.597,1.499
1725361200,128729,64.133,2.364,2.341
1725372000,128729,34.367,3.348,3.394
1725375600,128729,29.334,3.005,3.021
1725379200,128729,25.9,2.661,2.692
1726768800,128729,63.466,3.733,3.486
1726779600,128729,62.136,2.442,2.186
1726786800,128729,65.233,2.115,2.016
1726794000,128729,66.833,1.819,1.65
1726804800,128729,79.433,1.958,1.95
1726808400,128729,80.033,2.72,2.675
1726815600,128729,77.8,2.389,2.263
1726819200,128729,77.267,2.404,2.184
1726822800,128729,77.034,2.386,2.176
1726833600,128729,76.9,11.287,11.488
1726840800,128729,75.7,10.117,10.07
1726844400,128729,74.7,10.604,10.681
1726858800,128729,70.534,7.802,8.812
1726869600,128729,72.5,9.757,9.981
1726873200,128729,70.767,8.098,8.258
1726880400,128729,68.834,4.335,4.255
1726884000,128729,69.834,4.87,4.678
1726891200,128729,71.5,4.507,4.409
1726898400,128729,73.4,4.903,4.69
1726902000,128729,73.333,4.475,4.15
1726916400,128729,82.0,4.055,3.949
1726920000,128729,80.934,4.794,4.703
1726927200,128729,76.9,4.283,4.228
1726930800,128729,78.567,4.242,4.193
1726934400,128729,81.567,3.944,3.931
1726945200,128729,84.8,1.314,1.22
1726952400,128729,85.8,1.614,1.519
1726956000,128729,85.434,2.26,2.105
1726974000,128729,81.567,2.81,2.798
1726984800,128729,81.867,3.38,3.265
1726992000,128729,82.0,3.689,3.676
1726995600,128729,81.167,3.569,3.456
1726999200,128729,80.133,3.3,3.3
1727010000,128729,78.466,4.645,4.643
1727017200,128729,67.967,3.8,3.694
1727020800,128729,64.867,3.61,3.612
1727035200,128729,50.533,1.907,1.722
1727038800,128729,52.9,1.526,1.232
1727046000,128729,59.666,1.976,1.782
1727049600,128729,64.133,2.295,2.151
1727056800,128729,67.0,2.245,2.139
1727064000,128729,67.666,2.135,2.144
1727071200,128729,69.133,2.053,1.986
1727074800,128729,71.133,2.163,1.967
1727092800,128729,75.233,3.085,2.989
1727100000,128729,69.367,2.661,2.5
1727103600,128729,62.834,2.895,2.659
1727107200,128729,54.533,1.763,1.609
1727110800,128729,55.333,2.442,2.208
1727121600,128729,54.967,1.951,1.859
1727128800,128729,59.8,2.037,1.976
1727132400,128729,62.267,2.079,2.095
1727146800,128729,67.133,2.477,2.47
1727150400,128729,68.333,2.319,2.248
1727157600,128729,70.8,2.33,2.381
1727161200,128729,72.0,2.591,2.449
1727168400,128729,72.633,2.503,2.417
1727175600,128729,74.633,4.833,5.395
1727182800,128729,72.966,3.916,3.907
1727186400,128729,64.767,2.555,2.491
1727204400,128729,56.933,2.506,2.501
1727211600,128729,62.267,2.716,2.718
1727215200,128729,64.533,2.726,2.898
1727218800,128729,64.5,2.926,3.046
1727222400,128729,65.867,3.426,3.409
1727236800,128729,68.166,3.768,3.913
1727244000,128729,70.0,3.851,4.109
1727247600,128729,70.733,3.641,3.91
1727262000,128729,72.3,4.655,4.992
1727265600,128729,69.6,3.939,3.833
1727272800,128729,55.267,1.767,1.577
1727276400,128729,52.567,1.569,1.364
1727280000,128729,51.966,1.593,1.571
1727290800,128729,54.967,2.344,2.317
1727298000,128729,57.166,2.135,2.031
1727301600,128729,59.666,2.291,2.108
1727319600,128729,66.767,1.04,1.038
1727326800,128729,69.067,1.175,1.078
1727330400,128729,70.733,1.295,1.215
1727334000,128729,71.8,1.331,1.086
1727341200,128729,73.666,1.182,1.042
1727348400,128729,73.867,1.891,1.616
1727355600,128729,72.867,3.084,2.97
1727359200,128729,73.466,3.495,3.511
1729188000,222275,35.166,3.922,3.684
1729188000,222537,33.733,3.126,3.773
1729188000,128729,43.8,3.54,3.649
1729191600,222641,32.8,3.028,3.404
1729191600,222275,34.3,2.595,2.384
1729191600,222537,34.667,2.591,3.127
1729195200,222537,36.034,2.131,2.636
1729198800,128729,45.334,2.763,2.938
1729198800,222275,36.167,3.315,3.08
1729198800,222641,38.666,2.004,2.175
1729198800,222537,36.3,2.481,2.806
1729202400,222641,45.966,2.353,2.502
1729202400,128729,49.433,4.317,4.603
1729202400,222275,42.867,4.441,4.056
1729202400,222537,42.6,4.838,5.283
1729206000,222641,50.033,2.677,3.01
1729206000,128729,54.867,5.255,5.651
1729206000,222275,47.334,3.958,3.578
1729206000,222537,48.5,7.345,8.067
1729209600,128729,60.0,8.739,9.706
1729209600,222275,50.767,3.74,3.615
1729209600,222641,52.767,2.954,3.188
1729209600,222537,53.867,27.538,28.305
1729213200,128729,63.933,11.309,12.834
1729213200,222275,53.034,5.13,4.894
1729213200,222641,53.867,4.665,5.221
1729213200,222537,55.633,8.975,10.244
1729216800,128729,65.434,12.862,14.641
1729216800,222275,53.166,9.676,9.639
1729216800,222641,54.709,7.81,8.633
1729216800,222537,56.767,7.944,9.234
1729220400,128729,65.8,16.979,19.064
1729220400,222275,53.4,11.278,11.148
1729220400,222641,54.967,10.692,11.771
1729220400,222537,57.566,16.578,17.483
1729224000,222641,54.7,10.488,11.223
1729224000,128729,66.0,12.97,14.511
1729224000,222275,53.133,10.31,10.343
1729224000,222537,59.233,10.064,11.921
1729227600,128729,65.7,10.035,11.677
1729227600,222275,54.367,14.119,13.889
1729227600,222641,55.4,12.375,13.175
1729227600,222537,59.3,9.297,11.037
1729231200,222641,56.834,13.749,14.915
1729231200,128729,66.966,8.841,9.997
1729231200,222275,57.633,15.727,15.261
1729231200,222537,60.8,8.496,10.27
1729234800,128729,65.966,11.095,12.293
1729234800,222275,57.2,12.297,12.142
1729234800,222641,57.133,7.612,8.644
1729234800,222537,59.1,6.671,7.065
1729238400,128729,65.966,11.299,12.681
1729238400,222275,53.8,6.936,6.747
1729238400,222641,55.833,5.851,6.382
1729238400,222537,58.9,5.14,6.143
1729242000,128729,66.0,9.808,10.66
1729242000,222275,54.567,5.534,5.277
1729242000,222641,55.534,4.785,5.224
1729242000,222537,59.867,5.346,5.796
1729245600,128729,67.0,12.462,14.091
1729245600,222275,56.88,6.462,5.95
1729245600,222641,55.924,5.558,6.559
1729245600,222537,58.36,4.753,5.512
1729249200,222641,56.5,7.916,9.075
1729249200,128729,66.367,12.05,13.56
1729249200,222275,55.8,10.41,9.961
1729249200,222537,57.8,5.668,6.8
1729252800,128729,63.467,5.609,6.054
1729252800,222275,54.167,22.954,23.904
1729252800,222641,57.3,5.688,6.107
1729252800,222537,53.6,3.752,4.433
1729256400,128729,50.067,2.181,2.191
1729256400,222275,40.967,1.654,1.295
1729256400,222641,47.6,1.619,1.871
1729256400,222537,32.133,1.444,1.984
1729260000,128729,40.6,1.861,1.862
1729260000,222275,33.334,1.113,0.966
1729260000,222641,31.9,0.977,1.252
1729260000,222537,27.267,1.236,1.61
1729263600,222641,23.934,0.821,1.013
1729263600,128729,34.067,1.826,1.74
1729263600,222275,31.333,2.865,2.882
1729263600,222537,26.1,0.932,1.357
1729267200,128729,34.166,1.92,1.972
1729267200,222275,29.767,6.135,6.085
1729267200,222641,20.233,1.013,1.159
1729267200,222537,24.267,1.103,1.417
1729270800,222641,18.133,1.348,1.409
1729270800,128729,34.567,2.09,2.045
1729270800,222275,26.967,1.361,1.276
1729270800,221881,33.0,1.325,1.24
1729270800,222537,24.433,1.539,1.835
1729274400,128729,33.067,1.907,1.744
1729274400,221881,29.9,1.376,1.291
1729274400,222275,25.0,1.362,1.342
1729274400,222641,17.733,1.922,2.097
1729274400,222537,23.2,1.902,1.878
1729278000,128729,31.834,1.92,1.838
1729278000,222275,24.4,1.378,1.312
1729278000,221881,29.0,1.372,1.319
1729278000,222641,17.6,1.695,2.126
1729278000,222537,23.633,1.252,1.734
1729281600,128729,32.0,2.093,1.94
1729281600,222275,25.066,1.759,1.728
1729281600,221881,28.366,1.859,1.813
1729281600,222641,19.367,1.848,1.994
1729281600,222537,24.867,1.528,1.848
1729285200,128729,34.0,2.072,2.2
1729285200,222275,30.05,2.472,2.345
1729285200,221881,29.667,1.333,1.396
1729285200,222641,31.434,1.802,2.177
1729285200,222537,28.2,1.595,1.817
1729288800,128729,41.867,6.219,6.57
1729288800,221881,37.0,2.219,2.046
1729288800,222275,37.5,3.315,2.939
1729288800,222641,42.333,2.721,2.925
1729288800,222537,34.166,2.584,3.041
1729292400,222641,44.267,3.503,3.822
1729292400,128729,47.7,6.184,6.729
1729292400,221881,44.133,15.002,14.938
1729292400,222275,42.367,4.886,4.331
1729292400,222537,41.6,5.871,6.418
1729296000,222641,47.9,2.819,3.13
1729296000,128729,53.6,8.788,9.556
1729296000,222275,45.733,4.659,4.128
1729296000,221881,49.267,17.816,18.359
1729296000,222537,46.833,12.947,13.954
1729299600,128729,58.4,12.019,13.075
1729299600,222275,48.734,5.168,4.944
1729299600,221881,54.334,19.56,19.54
1729299600,222641,51.534,3.572,4.067
1729299600,222537,50.666,10.377,11.96
1729303200,128729,61.7,11.827,13.396
1729303200,222275,50.7,6.177,6.147
1729303200,221881,57.466,29.564,29.727
1729303200,222641,52.966,4.723,5.624
1729303200,222537,53.633,11.219,16.2
1729306800,128729,63.166,9.556,10.695
1729306800,222275,51.867,8.406,8.303
1729306800,221881,59.234,23.71,23.467
1729306800,222641,54.133,6.585,7.074
1729306800,222537,54.433,7.436,8.931
1729310400,128729,64.166,14.338,15.978
1729310400,222275,51.933,9.691,9.268
1729310400,221881,60.9,23.045,23.024
1729310400,222641,54.534,8.835,10.24
1729310400,222537,56.267,8.959,10.489
1729314000,128729,64.733,14.606,16.393
1729314000,222275,52.4,11.677,11.814
1729314000,221881,60.933,16.25,16.352
1729314000,222641,54.7,10.439,11.63
1729314000,222537,55.7,8.747,10.252
1729317600,222641,53.967,10.598,11.763
1729317600,128729,65.0,13.472,15.175
1729317600,222275,52.467,12.036,12.151
1729317600,221881,60.5,12.71,12.934
1729317600,222537,55.567,10.231,12.665
1729321200,128729,64.966,13.913,15.867
1729321200,222275,52.2,12.8,12.418
1729321200,221881,60.867,10.907,11.134
1729321200,222641,53.834,10.942,12.375
1729321200,222537,56.534,9.024,10.969
1729324800,222641,54.6,10.896,12.035
1729324800,128729,64.566,13.643,15.288
1729324800,222275,52.2,11.485,11.04
1729324800,221881,61.233,10.223,10.959
1729324800,222537,55.633,9.166,11.198
1729328400,222641,54.534,11.049,12.176
1729328400,128729,65.167,12.845,14.782
1729328400,221881,61.466,10.557,11.025
1729328400,222275,52.633,10.332,10.285
1729328400,222537,55.034,8.836,10.765
1729332000,222641,54.6,10.523,11.948
1729332000,128729,65.066,13.476,15.319
1729332000,222275,52.466,10.674,10.629
1729332000,221881,61.034,11.626,12.23
1729332000,222537,55.6,9.537,11.102
1729335600,222641,54.166,10.47,11.632
1729335600,128729,65.834,16.747,19.083
1729335600,222275,52.133,9.555,9.909
1729335600,221881,61.233,11.273,11.852
1729335600,222537,56.1,10.275,12.013
1729339200,128729,66.167,13.786,15.665
1729339200,222275,52.267,10.383,10.954
1729339200,221881,59.933,21.995,22.354
1729339200,222641,55.292,10.542,11.492
1729339200,222537,57.567,11.268,13.078
1729342800,222641,59.133,9.207,10.386
1729342800,128729,61.834,12.802,14.291
1729342800,222275,52.5,11.388,11.556
1729342800,221881,56.0,13.884,13.932
1729342800,222537,42.9,8.876,9.599
1729346400,222641,44.034,5.219,6.002
1729346400,128729,49.433,5.448,5.844
1729346400,222275,51.867,7.089,6.89
1729346400,221881,49.8,5.728,5.556
1729346400,222537,28.9,4.787,5.31
1729350000,128729,34.933,2.969,3.202
1729350000,221881,39.0,3.638,3.642
1729350000,222275,42.934,3.551,3.355
1729350000,222641,22.334,2.476,2.761
1729350000,222537,21.7,2.603,3.124
1729353600,128729,31.3,2.338,2.415
1729353600,222275,31.066,1.761,1.667
1729353600,221881,31.934,2.131,1.985
1729353600,222641,16.5,1.253,1.429
1729353600,222537,18.867,0.956,1.983
1729357200,128729,29.5,2.096,2.343
1729357200,222275,27.333,1.296,1.159
1729357200,221881,28.334,1.268,1.25
1729357200,222641,15.133,1.015,1.224
1729357200,222537,17.633,0.326,1.289
1729360800,128729,25.934,2.006,1.837
1729360800,222275,25.8,1.459,1.168
1729360800,221881,23.7,1.109,1.029
1729360800,222641,13.267,0.956,1.115
1729360800,222537,15.634,0.368,1.463
1729364400,128729,24.267,1.099,1.079
1729364400,222275,26.034,1.215,1.081
1729364400,221881,21.9,1.195,0.999
1729364400,222641,12.6,0.897,1.052
1729364400,222537,16.034,1.062,2.188
1729368000,128729,24.166,0.876,0.897
1729368000,222275,29.066,1.207,1.089
1729368000,221881,20.367,0.978,0.82
1729368000,222641,15.367,0.942,0.98
1729368000,222537,16.992,1.531,1.874
1729371600,222641,33.934,0.877,1.032
1729371600,128729,30.834,7.468,8.003
1729371600,221881,22.5,2.139,1.974
1729371600,222275,31.733,1.393,1.651
1729371600,222537,22.133,1.826,2.24
1729375200,128729,40.567,9.061,9.552
1729375200,222275,37.2,1.43,1.261
1729375200,221881,29.167,15.982,14.759
1729375200,222641,39.233,1.208,1.365
1729375200,222537,28.867,4.354,5.017
1729378800,222641,43.4,2.238,2.433
1729378800,128729,49.0,32.139,35.026
1729378800,221881,37.5,9.733,9.158
1729378800,222275,42.133,3.211,2.584
1729378800,222537,36.466,10.892,12.213
1729382400,222641,48.367,4.211,4.481
1729382400,128729,54.9,29.913,32.701
1729382400,222275,46.733,10.264,10.078
1729382400,221881,45.3,11.995,10.508
1729382400,222537,42.767,23.539,26.936
1729386000,128729,59.033,30.142,33.499
1729386000,222275,48.8,20.523,21.073
1729386000,221881,48.633,11.429,11.16
1729386000,222641,51.3,7.606,8.684
1729386000,222537,47.166,16.052,18.045
1729389600,222641,51.466,17.063,18.389
1729389600,128729,61.834,22.328,25.333
1729389600,222275,50.3,17.711,17.54
1729389600,221881,51.933,10.701,10.186
1729389600,222537,48.534,19.082,21.734
1729393200,222641,52.934,17.349,18.828
1729393200,128729,63.666,25.427,28.674
1729393200,222275,51.334,15.727,15.758
1729393200,221881,54.9,10.653,10.537
1729393200,222537,50.367,13.818,16.039
1729396800,128729,64.733,21.022,24.209
1729396800,222275,52.1,17.524,17.312
1729396800,221881,56.4,11.732,10.803
1729396800,222641,54.067,13.944,15.413
1729396800,222537,53.2,15.156,18.157
1729400400,128729,65.034,19.382,22.085
1729400400,221881,57.633,10.238,9.732
1729400400,222275,52.367,20.04,20.293
1729400400,222641,54.4,17.535,19.31
1729400400,222537,53.5,16.764,20.086
1729404000,222641,54.466,17.025,18.992
1729404000,128729,65.6,20.031,22.856
1729404000,222275,52.733,17.093,16.45
1729404000,221881,57.767,9.9,9.773
1729404000,222537,53.1,16.454,19.368
1729407600,128729,66.0,21.806,24.799
1729407600,222275,52.733,14.619,14.623
1729407600,221881,58.433,10.614,10.703
1729407600,222641,53.867,15.477,16.861
1729407600,222537,53.067,14.696,17.595
1729411200,128729,65.633,18.203,20.889
1729411200,222275,52.683,13.325,13.053
1729411200,221881,58.433,11.545,11.463
1729411200,222641,54.067,13.319,14.528
1729411200,222537,53.434,14.172,17.461
1729414800,128729,65.267,16.357,18.339
1729414800,222275,52.7,13.59,13.377
1729414800,221881,58.434,11.888,11.714
1729414800,222641,53.933,14.062,15.466
1729414800,222537,53.666,12.221,14.957
1729418400,222641,54.159,13.982,14.708
1729418400,128729,65.8,18.328,21.072
1729418400,221881,59.534,10.927,11.122
1729418400,222275,52.5,13.518,13.399
1729418400,222537,53.4,9.867,12.134
1729422000,128729,65.733,19.54,22.268
1729422000,221881,59.233,10.392,10.441
1729422000,222275,52.3,13.285,13.123
1729422000,222641,54.534,12.54,13.878
1729422000,222537,54.433,9.431,11.726
1729425600,128729,66.0,18.935,21.307
1729425600,222275,53.0,12.794,12.373
1729425600,221881,58.367,21.822,20.901
1729425600,222641,55.867,11.03,11.915
1729425600,222537,54.567,10.831,13.21
1729429200,222641,59.3,6.048,6.649
1729429200,128729,61.233,12.09,13.91
1729429200,222275,54.067,9.076,9.2
1729429200,221881,51.067,6.179,5.783
1729429200,222537,40.133,8.424,9.631
1729432800,128729,47.733,4.349,4.686
1729432800,222275,52.0,5.884,5.537
1729432800,221881,42.767,3.835,3.588
1729432800,222641,39.9,3.748,4.298
1729432800,222537,26.2,3.198,3.631
1729436400,128729,30.733,2.282,2.288
1729436400,222275,39.867,2.791,2.517
1729436400,221881,33.666,2.243,2.037
1729436400,222641,20.7,1.665,1.922
1729436400,222537,19.966,1.565,2.32
1729440000,128729,26.666,1.827,1.681
1729440000,222275,26.434,1.405,1.164
1729440000,221881,24.233,1.433,1.179
1729440000,222641,14.7,1.117,1.278
1729440000,222537,14.467,0.373,1.283
1729443600,128729,26.334,1.715,1.606
1729443600,222275,21.534,0.971,0.764
1729443600,221881,18.733,0.737,0.679
1729443600,222641,11.534,0.625,0.748
1729443600,222537,12.066,1.861,2.616
1729447200,128729,22.767,1.655,1.584
1729447200,222275,19.966,0.775,0.574
1729447200,221881,16.433,1.454,1.286
1729447200,222641,10.233,0.38,0.605
1729447200,222537,10.966,0.26,0.94
1729450800,128729,20.066,1.102,1.042
1729450800,222275,19.666,0.755,0.647
1729450800,221881,13.334,0.465,0.395
1729450800,222641,8.5,0.374,0.537
1729450800,222537,9.867,0.021,0.706
1729454400,128729,19.334,1.297,1.21
1729454400,222275,26.633,0.593,0.602
1729454400,221881,14.167,0.61,0.613
1729454400,222641,10.733,0.597,0.676
1729454400,222537,12.8,0.191,0.817
1729458000,128729,24.166,5.115,5.827
1729458000,222275,31.875,1.45,1.394
1729458000,221881,18.6,1.204,1.099
1729458000,222641,23.367,1.072,1.262
1729458000,222537,19.267,1.394,1.758
1729461600,222641,34.166,1.125,1.298
1729461600,128729,31.867,9.695,10.488
1729461600,222275,34.266,1.538,1.4
1729461600,221881,22.767,2.755,2.716
1729461600,222537,24.367,4.397,4.891
1729465200,128729,38.966,8.085,8.646
1729465200,222275,39.9,2.642,2.328
1729465200,221881,29.834,11.185,10.294
1729465200,222641,37.633,1.674,1.776
1729465200,222537,31.066,8.132,8.962
1729468800,128729,44.0,7.51,8.519
1729468800,221881,34.034,6.22,5.629
1729468800,222275,46.334,3.853,3.447
1729468800,222641,41.3,2.893,3.31
1729468800,222537,36.367,7.331,8.03
1729472400,222641,43.367,5.88,6.738
1729472400,128729,48.9,5.791,6.53
1729472400,222275,46.0,5.95,4.7
1729472400,221881,38.4,5.899,5.643
1729472400,222537,39.966,7.133,7.488
1729476000,128729,53.6,7.249,8.026
1729476000,222275,49.0,9.75,9.79
1729476000,221881,42.166,6.654,6.337
1729476000,222641,46.1,6.206,7.349
1729476000,222537,43.067,7.29,7.718
1729479600,128729,56.967,7.94,8.646
1729479600,221881,45.567,6.519,6.629
1729479600,222641,47.9,20.698,22.193
1729479600,222537,45.633,8.033,8.944
1729483200,128729,59.5,7.437,8.218
1729483200,221881,49.3,6.987,6.907
1729483200,222641,49.4,18.758,20.128
1729483200,222537,48.967,7.868,8.892
1729486800,128729,61.267,7.2,7.947
1729486800,221881,51.867,7.475,7.257
1729486800,222641,50.633,15.76,17.29
1729486800,222537,51.3,9.345,10.85
1729490400,128729,62.834,7.12,8.017
1729490400,221881,50.567,6.325,6.117
1729490400,222641,51.9,12.633,13.752
1729490400,222537,50.933,11.166,13.663
1729494000,222641,51.733,12.244,13.315
1729494000,128729,63.0,6.635,7.431
1729494000,222275,54.0,8.68,9.61
1729494000,221881,50.466,6.923,6.689
1729494000,222537,50.1,7.93,9.213
1729497600,128729,63.267,7.42,8.418
1729497600,221881,51.767,7.24,6.881
1729497600,222641,51.7,9.865,11.02
1729497600,222537,50.934,8.051,9.144
1729501200,128729,63.867,8.38,9.38
1729501200,221881,51.0,5.684,5.414
1729501200,222641,52.6,8.885,9.925
1729501200,222537,51.4,7.856,9.005
1729504800,128729,64.066,8.526,9.546
1729504800,221881,46.5,5.64,5.363
1729504800,222641,52.733,8.787,9.835
1729504800,222537,50.8,8.32,9.662
1729508400,222641,52.834,7.794,8.498
1729508400,128729,64.8,9.188,10.477
1729508400,221881,44.9,5.082,4.736
1729508400,222537,50.567,9.095,10.656
1729512000,128729,62.267,9.226,10.072
1729512000,222275,55.0,8.11,7.0
1729512000,221881,42.633,4.87,4.506
1729512000,222641,53.767,6.649,7.283
1729512000,222537,46.733,7.28,8.021
1729515600,128729,52.533,10.61,11.414
1729515600,221881,41.466,9.037,8.534
1729515600,222641,48.033,4.278,4.613
1729515600,222537,36.633,5.96,6.508
1729519200,128729,39.0,6.726,7.085
1729519200,221881,35.967,6.624,6.597
1729519200,222275,45.911,4.706,4.803
1729519200,222641,33.8,5.037,5.605
1729519200,222537,26.634,6.242,7.141
1729522800,128729,30.533,7.574,8.277
1729522800,222275,33.2,7.224,6.877
1729522800,221881,29.633,7.859,7.723
1729522800,222641,20.666,6.745,7.587
1729522800,222537,19.7,6.409,7.596
1729526400,222641,19.267,5.863,6.473
1729526400,128729,31.233,7.753,8.495
1729526400,221881,29.533,7.143,6.926
1729526400,222275,28.133,6.354,6.272
1729526400,222537,20.034,5.555,6.752
1729530000,222641,19.5,5.103,5.706
1729530000,128729,33.033,7.091,7.404
1729530000,222275,27.555,5.788,5.769
1729530000,221881,29.733,6.264,6.247
1729530000,222537,21.3,4.928,6.2
1729533600,222641,20.145,5.203,5.8
1729533600,128729,33.916,6.671,7.09
1729533600,222275,28.108,5.561,5.463
1729533600,221881,30.233,6.221,6.128
1729533600,222537,22.503,5.142,6.058
1729537200,128729,33.111,6.93,7.29
1729537200,221881,29.556,6.4,6.417
1729537200,222275,27.125,5.652,5.664
1729537200,222641,20.108,5.162,5.809
1729537200,222537,23.675,5.305,6.46
1729540800,128729,33.267,7.055,7.62
1729540800,221881,28.567,6.982,6.921
1729540800,222275,30.059,6.568,6.313
1729540800,222641,21.3,5.912,6.249
1729540800,222537,24.534,5.902,7.189
1729544400,128729,35.6,7.51,8.274
1729544400,222275,34.7,8.057,8.123
1729544400,221881,29.1,7.28,7.297
1729544400,222641,29.642,6.522,7.0
1729544400,222537,27.433,5.903,7.547
1729548000,128729,40.7,9.23,10.118
1729548000,221881,34.0,8.893,8.575
1729548000,222275,39.133,8.396,7.952
1729548000,222641,40.6,7.354,7.923
1729548000,222537,34.034,10.059,11.141
1729551600,128729,46.8,13.375,14.647
1729551600,222275,43.709,8.319,8.064
1729551600,221881,38.9,10.724,10.296
1729551600,222641,44.475,7.896,8.415
1729551600,222537,39.5,10.337,11.338
1729555200,128729,52.466,15.165,16.44
1729555200,222275,47.891,9.53,9.053
1729555200,221881,43.1,10.654,10.084
1729555200,222641,47.433,8.716,9.38
1729555200,222537,43.534,13.106,14.412
1729558800,128729,55.067,14.232,15.559
1729558800,222275,49.933,11.55,10.72
1729558800,221881,45.7,11.296,10.535
1729558800,222641,49.667,9.803,10.581
1729558800,222537,46.567,12.835,13.711
1729562400,222641,51.666,11.202,11.751
1729562400,128729,56.133,11.759,13.245
1729562400,221881,49.5,12.532,11.686
1729562400,222275,51.8,13.114,12.887
1729562400,222537,49.334,13.55,14.772
1729566000,128729,57.466,12.373,13.983
1729566000,221881,51.367,12.841,11.733
1729566000,222275,52.867,13.654,13.635
1729566000,222641,52.209,12.694,13.559
1729566000,222537,50.633,14.41,16.102
1729569600,128729,59.3,12.268,13.622
1729569600,222275,54.2,14.9,14.593
1729569600,221881,51.733,13.434,12.738
1729569600,222641,52.934,12.174,13.073
1729569600,222537,51.4,13.671,15.408
1729573200,128729,60.666,12.081,13.495
1729573200,221881,51.334,12.81,11.956
1729573200,222275,54.666,14.476,14.181
1729573200,222641,54.058,12.944,14.515
1729573200,222537,51.5,13.694,15.174
1729576800,128729,62.267,12.402,13.78
1729576800,221881,51.834,12.569,12.005
1729576800,222275,54.367,14.782,14.246
1729576800,222641,54.067,12.883,14.444
1729576800,222537,52.1,15.254,16.831
1729580400,128729,64.034,14.104,15.893
1729580400,221881,54.3,13.8,12.723
1729580400,222275,55.067,14.281,13.859
1729580400,222641,54.534,14.238,15.381
1729580400,222537,52.733,14.779,17.112
1729584000,128729,65.133,17.352,19.483
1729584000,222275,55.4,13.873,13.617
1729584000,221881,55.8,14.191,13.515
1729584000,222641,55.067,14.008,14.992
1729584000,222537,54.1,15.246,17.377
1729587600,128729,66.0,15.936,17.351
1729587600,221881,56.166,14.555,13.865
1729587600,222275,55.9,14.6,14.341
1729587600,222641,55.067,13.64,14.422
1729587600,222537,54.567,16.105,18.096
1729591200,128729,66.9,15.59,17.604
1729591200,222275,56.833,15.216,15.259
1729591200,221881,57.133,15.166,13.979
1729591200,222641,55.409,14.42,15.29
1729591200,222537,55.133,16.499,18.87
1729594800,128729,67.733,16.565,18.316
1729594800,222275,56.867,15.517,15.613
1729594800,221881,57.8,15.395,14.486
1729594800,222641,55.666,15.653,17.043
1729594800,222537,55.733,17.495,20.45
1729598400,128729,66.067,16.97,18.917
1729598400,221881,55.9,16.703,15.439
1729598400,222275,54.233,15.235,15.649
1729598400,222641,56.034,14.099,15.178
1729598400,222537,53.534,18.132,20.666
1729602000,128729,59.334,13.716,15.324
1729602000,222275,54.166,13.652,13.457
1729602000,221881,50.067,14.802,14.158
1729602000,222641,55.034,12.41,13.501
1729602000,222537,39.466,14.045,15.144
1729605600,128729,49.034,11.388,12.291
1729605600,222275,48.85,10.791,10.359
1729605600,221881,44.466,9.948,9.64
1729605600,222641,40.834,9.211,10.104
1729605600,222537,31.167,8.437,9.573
1729609200,128729,36.133,9.561,10.311
1729609200,221881,39.534,9.447,9.027
1729609200,222275,37.466,8.709,8.326
1729609200,222641,24.167,7.659,8.152
1729609200,222537,25.2,7.349,8.712
1729612800,222641,20.434,7.356,7.91
1729612800,128729,36.8,10.053,10.775
1729612800,222275,33.767,8.479,8.273
1729612800,221881,36.7,9.377,9.159
1729612800,222537,22.633,7.084,8.38
1729616400,128729,38.0,10.245,10.994
1729616400,221881,34.633,9.102,8.825
1729616400,222275,32.334,8.327,7.886
1729616400,222641,19.867,7.188,7.746
1729616400,222537,22.733,7.077,8.181
1729620000,128729,37.466,10.256,10.756
1729620000,222275,32.4,8.485,7.934
1729620000,221881,34.4,9.5,9.004
1729620000,222641,19.833,7.138,7.724
1729620000,222537,23.433,7.157,8.445
1729623600,128729,37.0,9.746,10.552
1729623600,222275,32.367,8.612,8.275
1729623600,221881,33.2,9.722,9.139
1729623600,222641,20.166,7.612,8.344
1729623600,222537,26.034,8.714,9.962
1729627200,128729,37.7,10.951,12.056
1729627200,222275,34.742,9.98,9.579
1729627200,221881,34.9,10.523,10.236
1729627200,222641,24.767,8.618,9.22
1729627200,222537,29.367,8.923,10.673
1729630800,128729,40.367,12.64,13.853
1729630800,221881,38.333,11.391,11.177
1729630800,222275,37.033,10.559,10.306
1729630800,222641,33.9,10.014,10.747
1729630800,222537,33.8,10.154,11.701
1729634400,128729,44.966,12.877,14.242
1729634400,222275,40.7,10.517,9.976
1729634400,221881,41.666,11.477,10.931
1729634400,222641,39.417,10.073,10.607
1729634400,222537,36.733,10.742,12.055
1729638000,128729,50.166,18.395,20.357
1729638000,221881,46.767,12.449,11.785
1729638000,222275,44.7,11.525,11.15
1729638000,222641,43.8,11.175,11.947
1729638000,222537,41.434,13.381,14.457
1729641600,222641,48.267,12.27,13.258
1729641600,128729,55.733,16.548,18.336
1729641600,222275,48.0,13.817,13.183
1729641600,221881,48.367,13.323,12.311
1729641600,222537,44.933,15.135,16.282
1729645200,128729,60.467,18.284,20.77
1729645200,221881,50.367,16.005,14.759
1729645200,222275,50.834,13.932,13.04
1729645200,222641,51.233,13.396,14.176
1729645200,222537,48.534,14.788,16.721
1729648800,128729,63.367,19.743,21.964
1729648800,222275,52.767,15.138,14.174
1729648800,221881,53.166,19.084,18.065
1729648800,222641,53.333,14.7,15.46
1729648800,222537,51.166,16.938,18.54
1729652400,128729,65.434,21.456,24.089
1729652400,222275,54.6,16.684,16.05
1729652400,221881,55.966,19.481,18.717
1729652400,222641,55.053,16.139,17.603
1729652400,222537,53.5,17.136,18.729
1729656000,128729,66.934,20.429,24.038
1729656000,222275,55.233,17.897,16.897
1729656000,221881,57.833,19.526,18.773
1729656000,222641,56.133,17.931,19.062
1729656000,222537,54.934,17.993,20.282
1729659600,222641,55.85,18.478,19.187
1729659600,128729,67.034,20.259,22.856
1729659600,222275,56.467,17.93,17.434
1729659600,221881,59.2,19.535,18.469
1729659600,222537,55.5,18.832,21.451
1729663200,128729,68.0,20.804,23.277
1729663200,222275,56.6,18.988,18.613
1729663200,221881,59.934,20.027,18.883
1729663200,222641,56.258,19.093,20.328
1729663200,222537,55.9,18.751,20.941
1729666800,128729,68.0,20.633,23.793
1729666800,222275,56.7,19.545,19.273
1729666800,221881,60.2,19.83,18.93
1729666800,222641,56.2,19.7,21.247
1729666800,222537,55.666,18.75,21.743
1729670400,222641,56.633,19.846,21.336
1729670400,128729,67.566,25.359,28.709
1729670400,222275,56.666,19.396,19.624
1729670400,221881,60.367,20.392,18.972
1729670400,222537,55.867,19.12,21.953
1729674000,128729,67.633,24.549,27.366
1729674000,221881,60.6,20.431,19.673
1729674000,222275,56.5,19.382,19.35
1729674000,222641,55.908,19.96,20.723
1729674000,222537,57.1,20.036,23.006
1729677600,128729,68.767,22.999,25.848
1729677600,221881,61.1,22.196,21.58
1729677600,222275,56.233,20.121,19.742
1729677600,222641,55.933,20.367,21.442
1729677600,222537,57.267,20.419,23.845
1729681200,222641,57.0,20.924,22.693
1729681200,128729,68.867,22.805,25.86
1729681200,222275,57.467,19.834,20.136
1729681200,221881,62.0,25.209,24.06
1729681200,222537,57.267,22.319,26.072
1729684800,128729,69.3,26.745,29.924
1729684800,222275,56.834,20.959,21.392
1729684800,221881,63.834,32.914,31.198
1729684800,222641,57.8,22.543,24.106
1729684800,222537,56.6,27.724,32.248
1729688400,222641,61.034,20.608,22.059
1729688400,128729,67.967,23.659,26.489
1729688400,221881,62.9,23.902,22.074
1729688400,222275,58.566,20.756,20.808
1729688400,222537,45.233,21.221,22.852
1729692000,222641,44.942,11.489,12.602
1729692000,128729,49.2,10.33,11.153
1729692000,222275,56.167,13.659,12.891
1729692000,221881,55.433,12.641,11.91
1729692000,222537,35.067,10.159,10.971
1729695600,128729,31.633,6.589,7.212
1729695600,221881,39.1,7.803,7.376
1729695600,222275,40.916,7.21,6.909
1729695600,222641,24.542,5.782,6.351
1729695600,222537,25.733,5.772,7.146
1729699200,128729,36.6,7.555,8.312
1729699200,222275,34.367,6.326,6.158
1729699200,221881,38.066,7.433,7.061
1729699200,222641,23.867,5.622,6.254
1729699200,222537,25.034,5.654,6.655
1729702800,128729,40.3,6.354,6.622
1729702800,222275,34.4,5.944,5.783
1729702800,221881,38.666,6.799,6.513
1729702800,222641,25.261,5.271,5.809
1729702800,222537,26.933,4.913,6.274
1729706400,128729,44.5,3.768,3.8
1729706400,221881,40.833,4.128,3.915
1729706400,222275,36.308,3.43,3.255
1729706400,222641,28.233,2.982,3.28
1729706400,222537,31.166,2.783,3.963
1729710000,128729,50.466,3.439,3.489
1729710000,221881,46.267,2.89,2.845
1729710000,222275,40.966,2.585,2.398
1729710000,222641,36.55,2.341,2.614
1729710000,222537,39.1,1.909,2.933
1729713600,128729,53.067,3.327,3.498
1729713600,222275,44.434,2.579,2.663
1729713600,221881,50.234,2.792,2.614
1729713600,222641,41.459,2.169,2.537
1729713600,222537,44.4,2.611,2.946
1729717200,222641,47.633,2.34,2.457
1729717200,128729,55.2,2.89,2.896
1729717200,222275,47.467,2.751,2.776
1729717200,221881,52.767,2.81,2.53
1729717200,222537,48.0,2.633,3.12
1729720800,222641,52.275,2.454,2.688
1729720800,128729,59.066,2.687,2.668
1729720800,221881,58.167,2.885,2.595
1729720800,222275,52.034,2.658,2.462
1729720800,222537,53.367,2.713,3.042
1729724400,128729,58.967,2.05,2.046
1729724400,221881,58.933,2.079,1.79
1729724400,222275,52.633,1.954,1.747
1729724400,222641,52.667,1.644,1.8
1729724400,222537,53.966,2.748,3.131
1729728000,222641,53.466,1.576,1.98
1729728000,128729,61.3,2.127,2.247
1729728000,221881,57.767,1.77,1.369
1729728000,222275,53.466,2.03,1.962
1729728000,222537,53.466,1.639,2.037
1729731600,128729,63.166,2.46,2.529
1729731600,222275,54.375,2.039,1.897
1729731600,221881,60.2,1.958,1.7
1729731600,222641,55.133,1.661,1.868
1729731600,222537,55.433,2.891,3.478
1729735200,128729,64.8,2.607,2.625
1729735200,222275,56.117,1.996,1.933
1729735200,221881,62.133,2.684,2.314
1729735200,222641,57.034,1.909,2.074
1729735200,222537,57.933,2.073,2.502
1729738800,222641,57.933,2.231,2.564
1729738800,128729,66.7,2.875,3.107
1729738800,222275,57.2,2.5,2.313
1729738800,221881,63.266,2.87,2.414
1729738800,222537,58.534,2.626,3.163
1729742400,222641,57.5,2.533,2.958
1729742400,128729,67.034,3.395,3.596
1729742400,221881,61.533,3.071,2.615
1729742400,222275,56.966,2.882,2.525
1729742400,222537,57.167,2.821,3.331
1729746000,128729,68.567,3.762,4.014
1729746000,221881,60.7,3.298,2.825
1729746000,222275,56.85,3.15,2.83
1729746000,222641,57.6,2.983,3.295
1729746000,222537,57.334,3.111,3.548
1729749600,128729,70.034,3.961,4.215
1729749600,222275,57.258,3.454,3.221
1729749600,221881,63.966,3.884,3.365
1729749600,222641,60.3,3.237,3.671
1729749600,222537,59.267,3.804,4.255
1729753200,222641,59.7,3.53,3.866
1729753200,128729,71.633,4.347,4.733
1729753200,222275,58.033,3.941,3.692
1729753200,221881,63.367,4.067,3.694
1729753200,222537,59.4,4.136,4.511
1729756800,128729,72.0,4.438,4.898
1729756800,221881,64.1,4.376,3.87
1729756800,222275,57.534,4.585,4.527
1729756800,222641,59.8,3.873,4.242
1729756800,222537,59.367,5.306,5.706
1729760400,128729,72.834,5.224,5.568
1729760400,221881,64.6,5.006,4.623
1729760400,222275,59.9,4.259,4.103
1729760400,222641,60.6,4.223,4.489
1729760400,222537,59.534,5.467,6.004
1729764000,128729,74.867,6.499,6.933
1729764000,222275,59.9,4.947,4.683
1729764000,221881,65.6,7.114,6.707
1729764000,222641,61.0,4.691,4.962
1729764000,222537,60.067,8.807,9.511
1729767600,128729,75.3,6.998,7.699
1729767600,222275,60.833,6.165,6.009
1729767600,221881,63.533,10.861,10.214
1729767600,222641,61.133,6.346,6.711
1729767600,222537,59.9,8.023,8.495
1729771200,128729,74.466,12.622,13.982
1729771200,221881,59.067,14.361,13.924
1729771200,222275,60.1,8.427,8.082
1729771200,222641,61.867,8.721,9.336
1729771200,222537,58.3,13.564,14.194
1729774800,128729,67.633,17.205,18.546
1729774800,222275,53.233,14.278,13.779
1729774800,221881,53.967,15.428,14.816
1729774800,222641,55.175,14.073,15.037
1729774800,222537,53.033,14.993,16.081
1729778400,222641,47.633,12.127,12.776
1729778400,128729,60.034,15.208,16.706
1729778400,222275,47.35,12.64,12.655
1729778400,221881,49.5,12.766,12.149
1729778400,222537,46.334,12.085,13.177
1729782000,128729,44.633,10.372,11.224
1729782000,221881,43.7,8.863,8.639
1729782000,222641,33.667,8.149,8.791
1729782000,222537,34.133,7.538,8.409
1729785600,222641,27.0,6.008,6.487
1729785600,128729,42.733,8.445,9.123
1729785600,221881,39.4,6.296,6.114
1729785600,222537,29.7,5.479,5.908
1729789200,221881,36.3,4.918,4.675
1729789200,128729,40.9,6.911,7.358
1729789200,222641,26.466,4.173,4.534
1729789200,222275,33.525,4.553,4.29
1729789200,222537,28.134,4.076,4.584
1729792800,222641,29.0,3.761,4.143
1729792800,221881,34.467,4.367,4.071
1729792800,128729,39.333,5.87,6.242
1729792800,222275,32.034,4.027,3.768
1729792800,222537,29.333,4.223,4.696
1729796400,222641,29.267,3.174,3.491
1729796400,221881,35.267,3.654,3.538
1729796400,128729,40.133,4.847,5.201
1729796400,222275,33.034,3.596,3.204
1729796400,222537,31.834,3.43,3.868
1729800000,222641,31.133,2.688,2.982
1729800000,221881,35.0,2.857,2.612
1729800000,128729,40.166,4.22,4.513
1729800000,222275,32.933,2.907,2.561
1729800000,222537,33.034,3.076,3.45
1729803600,222641,34.233,2.458,2.776
1729803600,221881,34.367,2.404,2.247
1729803600,128729,40.867,3.276,3.466
1729803600,222275,33.933,3.011,2.894
1729803600,222537,32.3,2.455,3.002
1729807200,222641,40.633,2.933,3.219
1729807200,221881,34.5,1.811,1.744
1729807200,128729,41.466,3.354,3.487
1729807200,222275,39.4,2.758,2.57
1729807200,222537,33.333,2.54,3.143
1729810800,222641,38.333,1.442,1.679
1729810800,221881,33.7,0.545,0.47
1729810800,128729,39.267,1.066,1.018
1729810800,222275,32.067,0.503,0.513
1729810800,222537,33.166,0.94,1.25
1729814400,222641,37.883,0.208,0.396
1729814400,221881,36.766,0.34,0.238
1729814400,128729,39.867,0.484,0.361
1729814400,222275,33.467,0.229,0.184
1729814400,222537,35.4,1.179,1.387
1729818000,222641,39.733,0.379,0.602
1729818000,221881,39.166,0.552,0.559
1729818000,128729,42.4,0.758,0.694
1729818000,222275,35.767,0.448,0.326
1729818000,222537,37.667,0.931,1.344
1729821600,221881,41.966,1.716,1.6
1729821600,128729,44.767,0.919,0.815
1729821600,222641,41.7,0.63,0.798
1729821600,222275,38.6,0.78,0.712
1729821600,222537,39.933,1.127,1.28
1729825200,222641,45.0,1.172,1.351
1729825200,221881,44.433,2.538,2.36
1729825200,128729,47.633,0.964,0.876
1729825200,222275,41.034,2.053,1.699
1729825200,222537,41.5,2.849,3.052
1729828800,222641,47.666,0.829,0.909
1729828800,221881,46.767,1.026,1.091
1729828800,128729,49.666,0.83,0.734
1729828800,222275,45.066,1.307,1.058
1729828800,222537,43.5,3.184,3.882
1729832400,221881,48.4,0.566,0.606
1729832400,128729,51.333,0.667,0.646
1729832400,222641,49.767,0.574,0.811
1729832400,222275,47.633,0.844,0.496
1729832400,222537,44.966,0.447,0.615
1729836000,222641,51.433,0.735,0.889
1729836000,221881,50.867,0.48,0.389
1729836000,128729,53.467,0.704,0.568
1729836000,222275,51.2,0.856,0.617
1729836000,222537,47.267,0.434,0.564
1729839600,222641,53.133,0.712,0.879
1729839600,221881,52.0,0.394,0.385
1729839600,128729,55.1,0.822,0.726
1729839600,222275,52.633,0.926,0.67
1729839600,222537,48.967,0.801,0.794
1729843200,221881,52.3,0.545,0.537
1729843200,128729,57.567,0.886,0.865
1729843200,222641,52.834,0.654,0.776
1729843200,222275,52.534,0.875,0.601
1729843200,222537,48.9,0.664,0.732
1729846800,222641,53.2,0.74,0.859
1729846800,221881,53.433,0.927,0.77
1729846800,128729,58.7,0.914,0.93
1729846800,222275,54.267,0.873,0.567
1729846800,222537,51.167,1.045,1.018
1729850400,221881,57.2,0.814,0.74
1729850400,128729,59.233,2.256,2.321
1729850400,222641,53.633,1.442,1.673
1729850400,222275,54.934,0.845,0.619
1729850400,222537,52.4,1.495,1.392
1729854000,222641,54.133,0.988,1.178
1729854000,221881,56.367,1.038,0.897
1729854000,128729,61.567,3.172,3.28
1729854000,222275,55.133,1.151,0.843
1729854000,222537,53.466,2.111,2.198
1729857600,221881,53.967,1.544,1.445
1729857600,128729,60.433,4.064,4.511
1729857600,222641,56.367,0.752,0.841
1729857600,222275,54.0,2.734,3.122
1729857600,222537,51.266,2.494,2.919
1729861200,221881,46.334,0.875,0.845
1729861200,128729,52.2,2.139,2.158
1729861200,222641,51.733,0.768,0.857
1729861200,222275,51.034,2.501,2.763
1729861200,222537,33.666,0.836,1.234
1729864800,222641,35.967,0.519,0.824
1729864800,221881,39.4,0.85,0.717
1729864800,128729,41.633,1.324,1.089
1729864800,222275,37.3,0.815,0.636
1729864800,222537,25.334,0.731,1.023
1729868400,222641,23.466,0.515,0.706
1729868400,221881,37.534,1.015,0.971
1729868400,128729,32.733,1.018,0.933
1729868400,222275,33.6,1.274,1.389
1729868400,222537,22.933,0.701,1.143
1729872000,222641,19.367,0.604,0.764
1729872000,221881,33.966,2.989,2.446
1729872000,128729,33.867,1.341,1.244
1729872000,222275,31.034,1.038,1.181
1729872000,222537,21.166,0.894,1.07
1729875600,221881,31.7,1.244,1.288
1729875600,128729,34.067,1.516,1.631
1729875600,222641,17.433,0.752,0.946
1729875600,222275,29.233,1.406,1.476
1729875600,222537,21.233,1.03,1.339
1729879200,222641,16.733,0.643,0.829
1729879200,221881,28.267,0.99,1.005
1729879200,128729,31.2,1.248,1.227
1729879200,222275,26.666,0.963,1.052
1729879200,222537,19.966,1.239,1.512
1729882800,222641,15.8,0.563,0.742
1729882800,221881,24.9,0.643,0.587
1729882800,128729,30.0,1.222,1.087
1729882800,222275,25.567,0.863,0.914
1729882800,222537,19.2,0.732,1.052
1729886400,222641,17.434,0.614,0.791
1729886400,221881,24.033,0.559,0.441
1729886400,128729,30.633,1.048,1.007
1729886400,222275,27.133,0.777,0.801
1729886400,222537,19.767,0.625,0.999
1729890000,222641,28.5,1.114,1.321
1729890000,221881,25.2,0.531,0.424
1729890000,128729,31.667,1.234,1.188
1729890000,222275,30.6,2.798,2.941
1729890000,222537,22.166,0.7,0.993
1729893600,222641,37.133,0.985,1.057
1729893600,221881,29.933,3.561,3.267
1729893600,128729,36.667,2.424,2.631
1729893600,222275,35.633,1.16,1.022
1729893600,222537,27.267,1.524,1.766
1729897200,222641,39.075,0.842,0.92
1729897200,221881,35.767,12.006,11.557
1729897200,128729,41.633,5.898,6.296
1729897200,222275,39.342,1.813,1.493
1729897200,222537,31.966,6.77,7.831
1729900800,222641,41.467,11.469,12.57
1729900800,221881,40.0,7.474,7.785
1729900800,128729,45.667,4.413,4.699
1729900800,222275,42.1,5.624,5.111
1729900800,222537,37.1,7.45,8.536
1729904400,221881,42.767,7.506,7.438
1729904400,128729,49.5,4.24,4.399
1729904400,222641,45.633,3.621,3.839
1729904400,222275,45.4,7.29,7.204
1729904400,222537,40.1,8.421,9.904
1729908000,221881,42.666,9.982,9.541
1729908000,128729,51.6,4.629,4.807
1729908000,222641,44.066,8.992,9.773
1729908000,222275,46.0,6.47,6.414
1729908000,222537,40.466,8.662,9.915
1729911600,222641,44.0,5.894,6.646
1729911600,221881,42.367,6.694,6.557
1729911600,128729,52.567,4.485,4.967
1729911600,222275,45.4,5.093,4.604
1729911600,222537,39.433,6.434,7.356
1729915200,221881,43.767,6.974,6.657
1729915200,128729,54.267,4.107,4.444
1729915200,222641,44.633,3.862,4.194
1729915200,222275,46.0,4.609,3.962
1729915200,222537,40.4,5.236,5.954
1729918800,222641,44.933,3.889,4.233
1729918800,221881,44.633,5.836,5.811
1729918800,128729,54.267,4.002,4.233
1729918800,222275,46.933,4.272,3.765
1729918800,222537,42.1,5.286,6.364
1729922400,221881,46.933,4.16,4.114
1729922400,128729,55.967,3.469,3.563
1729922400,222641,48.3,3.458,3.921
1729922400,222275,49.333,4.246,3.719
1729922400,222537,45.767,6.276,7.257
1729926000,222641,50.534,3.228,3.665
1729926000,221881,49.633,4.405,4.23
1729926000,128729,59.067,4.252,4.495
1729926000,222275,52.233,3.984,3.412
1729926000,222537,47.967,6.139,7.232
1729929600,222641,51.3,3.841,4.308
1729929600,221881,52.0,4.521,4.245
1729929600,128729,61.966,4.597,5.236
1729929600,222275,53.133,4.527,4.072
1729929600,222537,49.433,8.741,10.157
1729933200,221881,52.034,4.742,4.928
1729933200,128729,63.0,4.76,5.341
1729933200,222641,51.392,3.713,4.239
1729933200,222275,54.166,4.019,3.628
1729933200,222537,49.7,8.718,10.172
1729936800,222641,51.508,3.876,4.286
1729936800,221881,51.5,5.146,5.19
1729936800,128729,62.794,5.073,5.633
1729936800,222275,53.266,4.238,3.965
1729936800,222537,49.367,7.854,9.229
1729940400,222641,52.4,4.332,4.988
1729940400,221881,53.666,5.637,5.65
1729940400,128729,63.867,5.287,5.726
1729940400,222275,54.0,5.324,5.528
1729940400,222537,51.033,7.535,8.823
1729944000,221881,51.5,5.652,5.539
1729944000,128729,60.633,4.497,4.822
1729944000,222641,53.267,4.636,5.216
1729944000,222275,54.066,5.987,6.379
1729944000,222537,49.633,6.462,7.976
1729947600,221881,46.6,5.008,4.796
1729947600,128729,48.633,3.809,3.989
1729947600,222641,47.267,5.19,5.775
1729947600,222275,51.933,6.136,5.672
1729947600,222537,37.933,5.8,6.843
1729951200,222641,34.3,2.654,2.977
1729951200,221881,40.0,2.866,2.753
1729951200,128729,41.6,3.285,3.655
1729951200,222275,38.2,2.723,2.458
1729951200,222537,27.466,2.388,2.748
1729954800,221881,35.534,1.474,1.512
1729954800,128729,33.1,1.834,1.814
1729954800,222641,24.709,1.087,1.244
1729954800,222275,32.334,1.342,1.26
1729954800,222537,24.166,1.387,1.496
1729958400,221881,31.133,0.943,0.845
1729958400,128729,32.767,1.379,1.365
1729958400,222641,20.567,0.694,0.804
1729958400,222275,29.267,0.886,0.94
1729958400,222537,21.3,0.96,1.1
1729962000,222641,18.034,0.772,0.964
1729962000,221881,26.333,0.879,0.878
1729962000,128729,31.733,0.834,0.748
1729962000,222275,25.067,1.026,0.997
1729962000,222537,19.367,1.067,1.373
1729965600,222641,17.566,0.137,0.233
1729965600,221881,22.8,0.153,0.151
1729965600,128729,29.733,0.695,0.569
1729965600,222275,21.767,0.226,0.179
1729965600,222537,18.3,0.375,0.533
1729969200,221881,21.0,0.042,0.025
1729969200,128729,26.733,0.348,0.214
1729969200,222641,16.2,0.058,0.088
1729969200,222275,19.767,0.065,0.018
1729969200,222537,18.334,0.287,0.417
1729972800,222641,17.225,0.009,0.028
1729972800,221881,19.966,0.016,0.009
1729972800,128729,26.334,0.193,0.08
1729972800,222275,18.733,0.01,0.025
1729972800,222537,18.267,0.152,0.275
1729976400,221881,20.067,0.002,0.013
1729976400,128729,27.133,0.214,0.128
1729976400,222641,19.9,0.01,0.019
1729976400,222275,18.867,0.068,0.058
1729976400,222537,19.233,0.264,0.45
1729980000,222641,21.933,3.661,3.902
1729980000,221881,21.066,0.239,0.263
1729980000,128729,28.1,0.282,0.24
1729980000,222275,21.375,0.411,0.335
1729980000,222537,20.834,0.802,1.119
1729983600,222641,25.634,1.296,1.556
1729983600,221881,22.467,0.293,0.221
1729983600,128729,28.566,0.385,0.252
1729983600,222275,26.9,1.964,1.633
1729983600,222537,23.5,2.277,2.58
1729987200,222641,32.8,0.559,0.728
1729987200,221881,24.2,4.628,4.385
1729987200,128729,29.7,0.611,0.641
1729987200,222275,29.133,1.379,1.2
1729987200,222537,25.5,1.01,1.083
1729990800,222641,36.034,0.404,0.481
1729990800,221881,28.8,1.573,1.435
1729990800,128729,33.967,1.249,1.228
1729990800,222275,33.834,0.713,0.43
1729990800,222537,29.167,3.036,3.442
1729994400,222641,38.5,0.504,0.655
1729994400,221881,33.234,4.851,4.732
1729994400,128729,40.133,1.969,1.924
1729994400,222275,36.633,1.179,1.097
1729994400,222537,32.934,4.193,5.038
1729998000,221881,37.967,6.99,6.875
1729998000,128729,43.334,6.637,7.287
1729998000,222641,38.733,1.946,2.183
1729998000,222275,38.934,2.2,1.975
1729998000,222537,36.5,7.565,8.825
1730001600,221881,39.933,8.565,8.396
1730001600,128729,47.6,6.482,7.351
1730001600,222641,41.733,2.345,2.705
1730001600,222275,42.567,5.136,4.566
1730001600,222537,40.067,7.901,9.398
1730005200,222641,43.534,3.339,4.109
1730005200,221881,41.233,7.96,7.64
1730005200,128729,51.7,5.42,5.944
1730005200,222275,44.733,5.798,5.414
1730005200,222537,42.9,7.323,8.678
1730008800,222641,44.9,4.439,5.194
1730008800,221881,41.434,4.518,4.722
1730008800,128729,54.5,5.316,5.604
1730008800,222275,46.834,6.594,6.514
1730008800,222537,44.166,6.857,8.056
1730012400,221881,39.967,1.83,1.913
1730012400,128729,54.1,4.355,4.854
1730012400,222641,45.633,3.327,4.447
1730012400,222275,47.334,5.975,5.902
1730012400,222537,45.2,6.509,7.812
1730016000,222641,47.766,2.54,2.917
1730016000,221881,42.467,2.459,2.478
1730016000,128729,52.9,3.24,3.386
1730016000,222275,48.334,4.689,4.702
1730016000,222537,46.133,4.243,5.078
1730019600,222641,48.433,1.638,1.868
1730019600,221881,44.7,1.97,1.925
1730019600,128729,53.466,2.075,2.338
1730019600,222275,48.967,3.236,3.281
1730019600,222537,47.5,4.209,4.998
1730023200,221881,49.633,7.42,7.174
1730023200,128729,54.9,1.352,1.478
1730023200,222641,48.933,1.456,1.697
1730023200,222275,50.433,2.589,2.332
1730023200,222537,48.034,3.847,4.97
1730026800,221881,52.966,11.026,10.773
1730026800,128729,56.567,1.595,1.664
1730026800,222641,49.3,1.851,2.247
1730026800,222275,51.3,3.159,2.963
1730026800,222537,49.0,4.599,5.656
1730030400,222641,50.067,2.205,2.471
1730030400,221881,49.666,5.061,4.598
1730030400,128729,57.066,1.809,1.908
1730030400,222275,50.966,2.878,2.849
1730030400,222537,48.1,4.517,5.226
1730034000,222641,44.834,1.657,1.929
1730034000,221881,39.967,1.929,1.855
1730034000,128729,47.3,0.863,0.966
1730034000,222275,45.667,1.955,1.706
1730034000,222537,29.7,1.665,1.951
1730037600,222641,29.166,0.26,0.317
1730037600,221881,31.9,0.323,0.218
1730037600,128729,37.133,0.464,0.331
1730037600,222275,31.634,0.541,0.34
1730037600,222537,21.166,0.396,0.525
1730041200,221881,27.05,0.076,0.081
1730041200,128729,26.567,0.29,0.159
1730041200,222641,18.6,0.093,0.127
1730041200,222275,25.034,0.178,0.075
1730041200,222537,16.867,0.911,0.985
1730044800,222641,13.733,0.014,0.044
1730044800,221881,21.433,0.104,0.098
1730044800,128729,23.8,0.278,0.183
1730044800,222275,20.133,0.071,0.058
1730044800,222537,13.9,0.271,0.372
1730048400,222641,10.9,0.013,0.026
1730048400,221881,17.367,0.082,0.032
1730048400,128729,21.334,0.198,0.115
1730048400,222275,16.2,0.046,0.049
1730048400,222537,11.733,0.141,0.177
1730052000,222641,11.867,0.004,0.044
1730052000,221881,17.7,0.015,0.018
1730052000,128729,21.934,0.236,0.166
1730052000,222275,16.466,0.054,0.03
1730052000,222537,12.767,0.26,0.365
1730055600,222641,11.567,0.033,0.038
1730055600,221881,16.534,0.013,0.013
1730055600,128729,22.0,0.129,0.04
1730055600,222275,15.667,0.019,0.015
1730055600,222537,12.834,0.023,0.033
1730059200,222641,13.366,0.019,0.03
1730059200,221881,17.6,0.035,0.06
1730059200,128729,22.434,0.451,0.36
1730059200,222275,16.3,0.018,0.046
1730059200,222537,15.2,0.062,0.075
1730062800,222641,18.883,0.101,0.199
1730062800,221881,20.0,0.224,0.221
1730062800,128729,25.2,0.893,1.111
1730062800,222275,21.5,1.111,1.181
1730062800,222537,17.633,0.166,0.309
1730066400,222641,24.967,0.568,0.668
1730066400,221881,22.433,1.209,1.137
1730066400,128729,29.867,14.137,15.793
1730066400,222275,29.5,0.518,0.424
1730066400,222537,21.534,3.452,3.843
1730070000,222641,29.292,2.6,3.066
1730070000,221881,25.867,10.343,10.287
1730070000,128729,31.867,17.343,19.593
1730070000,222275,30.1,2.67,2.042
1730070000,222537,24.9,8.073,9.434
1730073600,221881,28.934,22.249,20.673
1730073600,128729,33.034,15.947,17.922
1730073600,222641,32.483,7.623,8.965
1730073600,222275,31.767,4.01,3.671
1730073600,222537,29.034,7.809,8.997
1730077200,221881,31.367,16.575,15.472
1730077200,128729,38.9,6.445,7.051
1730077200,222641,35.467,5.097,5.711
1730077200,222275,35.333,7.394,7.521
1730077200,222537,31.4,9.849,11.729
1730080800,221881,34.067,8.616,8.412
1730080800,128729,43.5,6.892,7.735
1730080800,222641,36.775,2.688,3.028
1730080800,222275,37.7,8.424,8.178
1730080800,222537,33.767,8.897,10.584
1730084400,222641,39.934,6.247,7.044
1730084400,221881,36.633,7.003,6.598
1730084400,128729,45.233,6.582,7.333
1730084400,222275,40.2,7.385,7.239
1730084400,222537,36.3,7.968,9.865
1730088000,222641,40.734,6.63,7.358
1730088000,221881,37.733,5.044,5.319
1730088000,128729,49.066,5.907,7.007
1730088000,222275,41.167,6.271,5.963
1730088000,222537,38.733,7.031,8.623
1730091600,221881,41.9,7.234,6.941
1730091600,128729,50.133,5.452,6.144
1730091600,222641,41.067,5.414,6.103
1730091600,222275,43.1,5.198,5.03
1730091600,222537,39.933,5.434,6.642
1730095200,221881,41.434,5.206,5.06
1730095200,128729,51.666,6.152,6.899
1730095200,222641,41.633,4.486,5.203
1730095200,222275,42.933,4.508,4.803
1730095200,222537,40.8,5.536,6.623
1730098800,222641,42.6,4.443,4.892
1730098800,221881,40.4,5.779,5.543
1730098800,128729,52.466,6.429,7.069
1730098800,222275,44.233,4.771,4.865
1730098800,222537,43.067,6.033,6.979
1730102400,221881,43.733,2.699,2.56
1730102400,128729,53.4,5.007,5.449
1730102400,222641,44.6,3.808,4.065
1730102400,222275,46.133,4.142,4.428
1730102400,222537,44.9,6.078,6.954
1730106000,221881,45.4,1.574,1.598
1730106000,128729,53.166,2.7,2.888
1730106000,222641,44.267,4.043,4.641
1730106000,222275,46.2,3.895,3.931
1730106000,222537,44.367,3.496,3.794
1730109600,221881,48.4,1.261,1.353
1730109600,128729,54.5,4.777,4.987
1730109600,222641,46.867,2.981,3.569
1730109600,222275,47.166,3.572,3.481
1730109600,222537,46.433,1.748,2.031
1730113200,221881,52.5,1.427,1.399
1730113200,128729,57.167,5.377,5.59
1730113200,222641,49.1,2.771,3.414
1730113200,222275,50.133,5.154,5.087
1730113200,222537,48.833,1.597,1.599
1730116800,221881,51.833,1.785,1.754
1730116800,128729,57.633,3.075,3.328
1730116800,222641,48.375,4.327,4.857
1730116800,222275,50.767,5.837,5.795
1730116800,222537,48.734,2.279,2.335
1730120400,221881,50.933,1.595,1.433
1730120400,128729,55.367,1.831,1.832
1730120400,222641,46.883,0.871,1.027
1730120400,222275,48.4,1.46,1.184
1730120400,222537,44.034,1.301,1.377
1730124000,221881,43.6,0.819,0.835
1730124000,128729,50.2,3.819,3.909
1730124000,222641,37.8,0.432,0.651
1730124000,222275,41.367,0.747,0.392
1730124000,222537,35.166,0.96,1.314
1730127600,221881,38.633,0.46,0.382
1730127600,128729,41.033,2.938,2.872
1730127600,222641,27.434,0.275,0.394
1730127600,222275,36.267,0.504,0.275
1730127600,222537,28.233,0.481,0.647
1730131200,221881,37.3,0.367,0.334
1730131200,128729,39.334,1.526,1.414
1730131200,222641,22.566,0.141,0.306
1730131200,222275,35.034,0.679,0.432
1730131200,222537,26.1,0.373,0.455
1730134800,221881,34.133,0.844,0.78
1730134800,128729,39.666,1.255,1.124
1730134800,222641,20.659,0.354,0.56
1730134800,222275,32.034,0.688,0.458
1730134800,222537,24.0,0.77,1.087
1730138400,221881,31.534,0.711,0.625
1730138400,128729,38.867,1.202,1.2
1730138400,222641,19.65,0.531,0.774
1730138400,222275,29.966,0.766,0.615
1730138400,222537,24.466,1.093,1.337
1730142000,222641,19.3,0.433,0.728
1730142000,221881,31.333,0.857,0.811
1730142000,128729,38.033,1.481,1.408
1730142000,222275,30.1,0.693,0.612
1730142000,222537,25.267,0.666,1.064
1730145600,222641,21.966,0.661,0.839
1730145600,221881,31.934,0.89,0.757
1730145600,128729,37.733,1.272,1.239
1730145600,222275,29.434,1.1,0.942
1730145600,222537,26.233,0.874,1.056
1730149200,222641,30.7,0.61,0.701
1730149200,221881,32.5,3.747,3.364
1730149200,128729,38.734,1.857,1.891
1730149200,222275,31.9,2.724,2.931
1730149200,222537,27.867,5.851,6.248
1730152800,221881,35.067,11.309,10.765
1730152800,128729,42.2,3.202,3.639
1730152800,222641,37.433,0.722,0.814
1730152800,222275,38.067,1.101,0.798
1730152800,222537,32.7,4.431,4.744
1730156400,222641,40.6,1.409,1.659
1730156400,221881,38.633,26.998,25.691
1730156400,128729,45.433,8.741,9.921
1730156400,222275,41.133,2.403,1.91
1730156400,222537,37.034,6.691,7.52
1730160000,222641,43.066,3.975,4.655
1730160000,221881,43.666,19.762,18.55
1730160000,128729,49.466,7.201,7.972
1730160000,222275,44.066,9.256,8.995
1730160000,222537,40.4,13.554,15.198
1730163600,221881,46.033,17.75,16.839
1730163600,128729,53.5,7.037,7.766
1730163600,222641,45.466,8.239,8.969
1730163600,222275,46.267,9.637,9.625
1730163600,222537,41.7,7.044,8.102
1730167200,222641,46.633,7.671,8.279
1730167200,221881,49.1,20.703,19.443
1730167200,128729,56.567,17.991,20.61
1730167200,222275,48.334,9.902,9.585
1730167200,222537,43.867,6.52,7.534
1730170800,222641,48.466,5.783,6.764
1730170800,221881,51.867,19.701,19.128
1730170800,128729,58.433,14.831,16.856
1730170800,222275,50.434,6.957,6.53
1730170800,222537,45.867,6.277,7.373
1730174400,221881,52.867,25.527,24.335
1730174400,128729,59.767,8.075,9.291
1730174400,222641,50.233,4.322,4.819
1730174400,222275,51.166,7.238,7.269
1730174400,222537,48.034,5.148,6.184
1730178000,222641,50.8,5.974,6.818
1730178000,221881,54.133,18.797,18.148
1730178000,128729,61.666,10.188,11.55
1730178000,222275,51.733,8.07,8.072
1730178000,222537,49.534,4.47,5.508
1730181600,221881,55.067,14.735,14.712
1730181600,128729,62.9,11.032,12.829
1730181600,222641,50.9,13.739,14.431
1730181600,222275,52.0,15.357,15.207
1730181600,222537,49.534,4.726,5.867
1730185200,221881,54.833,13.342,12.463
1730185200,128729,62.966,7.395,8.593
1730185200,222641,50.667,24.819,25.901
1730185200,222275,52.367,20.742,21.922
1730185200,222537,49.5,7.973,9.484
1730188800,221881,53.6,22.628,22.067
1730188800,128729,62.8,7.22,8.26
1730188800,222641,48.534,19.556,20.532
1730188800,222275,52.1,18.187,18.917
1730188800,222537,48.1,14.159,16.425
1730192400,222641,48.333,15.491,16.86
1730192400,221881,48.434,10.988,10.742
1730192400,128729,62.0,7.556,8.349
1730192400,222275,51.033,12.78,12.991
1730192400,222537,47.0,12.953,15.178
1730196000,221881,43.8,14.404,13.561
1730196000,128729,62.867,8.934,9.846
1730196000,222641,47.967,23.186,24.82
1730196000,222275,50.633,14.896,15.256
1730196000,222537,46.133,11.796,13.698
1730199600,222641,49.233,14.288,15.596
1730199600,221881,45.2,15.678,15.003
1730199600,128729,64.0,9.586,10.588
1730199600,222275,50.534,12.689,13.427
1730199600,222537,46.934,10.425,12.123
1730203200,222641,48.034,16.034,17.327
1730203200,221881,43.9,8.627,8.467
1730203200,128729,61.9,8.488,9.864
1730203200,222275,50.033,13.261,13.886
1730203200,222537,42.867,8.731,10.102
1730206800,222641,35.691,3.294,3.825
1730206800,221881,33.2,1.447,1.309
1730206800,128729,51.6,5.867,6.527
1730206800,222275,42.066,8.701,8.532
1730206800,222537,30.8,4.546,5.052
1730210400,221881,35.433,0.597,0.515
1730210400,128729,45.0,2.791,2.933
1730210400,222641,30.8,0.386,0.574
1730210400,222275,33.434,0.734,0.527
1730210400,222537,30.966,4.243,4.65
1730214000,222641,30.0,0.334,0.468
1730214000,221881,33.1,0.432,0.381
1730214000,128729,41.6,1.064,1.019
1730214000,222275,32.0,0.425,0.402
1730214000,222537,30.133,0.866,1.221
1730217600,222641,29.275,0.658,0.871
1730217600,221881,31.967,0.653,0.522
1730217600,128729,39.633,0.55,0.428
1730217600,222275,30.733,0.489,0.413
1730217600,222537,29.7,1.012,1.454
1730221200,222641,29.934,0.214,0.289
1730221200,221881,33.0,0.203,0.159
1730221200,128729,40.166,0.354,0.28
1730221200,222275,30.9,0.358,0.308
1730221200,222537,30.9,0.328,0.491
1730224800,221881,34.4,0.193,0.171
1730224800,128729,42.133,0.524,0.369
1730224800,222641,31.9,0.119,0.219
1730224800,222275,32.733,0.243,0.352
1730224800,222537,32.567,0.235,0.394
1730228400,221881,38.367,0.45,0.35
1730228400,128729,45.4,0.543,0.314
1730228400,222641,35.5,0.174,0.255
1730228400,222275,35.567,0.245,0.255
1730228400,222537,35.967,0.368,0.544
1730232000,221881,43.033,0.364,0.279
1730232000,128729,48.6,0.464,0.363
1730232000,222641,38.867,0.425,0.544
1730232000,222275,39.233,0.621,0.642
1730232000,222537,40.2,0.59,0.674
1730235600,221881,45.234,0.524,0.38
1730235600,128729,51.033,0.739,0.555
1730235600,222641,41.166,0.326,0.411
1730235600,222275,41.6,0.407,0.257
1730235600,222537,42.467,0.501,0.774
1730239200,222641,43.334,0.675,0.731
1730239200,221881,47.6,0.678,0.549
1730239200,128729,52.334,1.156,1.087
1730239200,222275,43.767,0.562,0.493
1730239200,222537,44.4,0.954,1.349
1730242800,222641,43.4,1.019,1.167
1730242800,221881,46.367,2.146,2.01
1730242800,128729,53.0,1.34,1.332
1730242800,222275,44.133,2.069,1.975
1730242800,222537,44.633,4.675,5.123
1730246400,221881,46.466,1.06,0.882
1730246400,128729,53.0,2.2,2.441
1730246400,222641,44.067,0.552,0.705
1730246400,222275,44.067,0.713,0.601
1730246400,222537,43.934,3.294,3.691
1730250000,222641,45.567,0.736,0.85
1730250000,221881,47.833,0.97,0.764
1730250000,128729,54.1,1.55,1.481
1730250000,222275,45.6,0.853,0.678
1730250000,222537,45.067,2.045,2.503
1730253600,221881,51.434,1.818,1.631
1730253600,128729,59.334,1.653,1.707
1730253600,222641,49.267,0.811,0.992
1730253600,222275,49.266,0.911,0.727
1730253600,222537,47.3,1.586,1.833
1730257200,221881,60.5,2.019,1.829
1730257200,128729,67.8,2.472,2.463
1730257200,222641,55.433,1.115,1.232
1730257200,222275,54.067,1.207,1.019
1730257200,222537,54.534,2.524,2.922
1730260800,221881,64.534,13.241,12.221
1730260800,128729,71.466,3.917,4.061
1730260800,222641,57.633,1.247,1.413
1730260800,222275,57.7,1.748,1.486
1730260800,222537,57.9,2.017,2.328
1730264400,221881,68.0,3.314,2.896
1730264400,128729,73.767,5.278,5.799
1730264400,222641,58.566,1.699,1.806
1730264400,222275,59.1,2.341,1.921
1730264400,222537,59.733,2.639,2.975
1730268000,221881,65.434,2.753,2.26
1730268000,128729,74.934,2.968,3.097
1730268000,222641,58.9,1.663,1.841
1730268000,222275,60.233,2.146,1.632
1730268000,222537,60.0,2.278,2.491
1730271600,222641,59.6,1.791,1.954
1730271600,221881,64.966,2.357,2.059
1730271600,128729,75.434,2.561,2.632
1730271600,222275,59.8,2.05,1.707
1730271600,222537,58.967,1.992,2.349
1730275200,221881,65.767,1.986,1.632
1730275200,128729,76.666,2.48,2.531
1730275200,222641,60.2,1.494,1.712
1730275200,222275,60.334,2.13,1.829
1730275200,222537,59.933,1.82,2.115
1730278800,222641,61.867,2.022,2.089
1730278800,221881,66.633,2.444,2.232
1730278800,128729,76.6,2.922,3.143
1730278800,222275,61.267,2.067,1.821
1730278800,222537,61.166,2.407,2.615
1730282400,222641,62.133,3.173,3.386
1730282400,221881,65.133,6.139,5.593
1730282400,128729,77.933,4.02,4.247
1730282400,222275,61.3,2.683,2.335
1730282400,222537,60.358,3.569,4.071
1730286000,222641,60.367,3.634,3.686
1730286000,221881,64.2,8.159,7.433
1730286000,128729,77.166,11.93,13.218
1730286000,222275,58.0,4.633,4.491
1730286000,222537,60.034,6.168,6.617
1730289600,222641,60.834,4.46,4.578
1730289600,221881,65.867,10.131,8.525
1730289600,128729,77.633,11.668,12.705
1730289600,222275,58.566,6.831,6.981
1730289600,222537,61.4,9.921,10.513
1730293200,222641,60.825,9.511,9.718
1730293200,221881,65.133,13.163,11.439
1730293200,128729,79.333,13.645,14.975
1730293200,222275,62.517,8.941,8.595
1730293200,222537,60.4,12.796,13.26
1730296800,222641,56.892,6.801,7.356
1730296800,221881,65.834,10.299,9.319
1730296800,128729,77.4,10.077,11.254
1730296800,222275,63.617,8.157,8.029
1730296800,222537,59.367,10.58,11.039
1730300400,221881,62.8,7.342,6.668
1730300400,128729,59.933,5.678,6.177
1730300400,222641,44.925,5.035,5.423
1730300400,222275,59.567,6.401,6.13
1730300400,222537,48.267,6.207,6.716
1730304000,222641,36.034,5.956,6.341
1730304000,221881,54.067,8.019,7.47
1730304000,128729,54.834,7.577,8.23
1730304000,222275,52.034,7.211,6.779
1730304000,222537,39.067,6.548,7.318
1730307600,221881,49.4,8.465,7.953
1730307600,128729,52.133,8.399,9.178
1730307600,222641,37.133,7.003,7.511
1730307600,222275,48.167,7.82,7.309
1730307600,222537,40.2,7.576,8.404
1730311200,221881,46.4,9.777,9.404
1730311200,128729,50.433,10.122,11.012
1730311200,222641,40.733,7.845,8.558
1730311200,222275,48.133,8.079,7.563
1730311200,222537,39.934,9.607,10.182
1730314800,222641,37.4,9.864,10.678
1730314800,221881,45.166,11.207,10.368
1730314800,128729,48.267,12.875,13.626
1730314800,222275,47.922,10.267,9.362
1730314800,222537,38.966,10.431,11.289
1730318400,221881,44.666,13.217,12.571
1730318400,128729,48.567,11.611,12.619
1730318400,222641,43.334,11.461,12.128
1730318400,222275,51.3,12.061,11.534
1730318400,222537,38.867,13.526,14.377
1730322000,221881,48.1,12.271,11.785
1730322000,128729,51.633,10.31,11.264
1730322000,222641,47.233,11.293,12.014
1730322000,222275,52.166,13.613,13.145
1730322000,222537,42.467,13.81,15.058
1730325600,222641,46.3,11.304,12.415
1730325600,221881,50.7,11.96,11.198
1730325600,128729,54.233,11.39,12.466
1730325600,222275,53.333,11.059,10.34
1730325600,222537,44.867,11.444,12.346
1730329200,222641,50.3,11.162,12.143
1730329200,221881,51.234,12.461,11.914
1730329200,128729,56.633,12.521,13.39
1730329200,222275,53.467,11.551,10.817
1730329200,222537,47.166,13.119,14.0
1730332800,222641,53.067,13.004,13.939
1730332800,221881,52.767,13.73,12.975
1730332800,128729,59.6,14.418,15.699
1730332800,222275,54.433,12.432,11.731
1730332800,222537,53.667,14.142,15.524
1730336400,222641,54.017,14.997,16.158
1730336400,221881,56.067,17.02,15.775
1730336400,128729,62.267,15.434,16.921
1730336400,222275,57.1,14.054,13.486
1730336400,222537,56.334,16.771,18.356
1730340000,222641,54.933,15.363,16.785
1730340000,221881,59.3,18.332,16.962
1730340000,128729,64.367,17.028,18.476
1730340000,222275,56.4,14.858,14.295
1730340000,222537,56.133,17.88,19.399
1730343600,222641,59.508,15.739,16.367
1730343600,221881,59.8,19.641,18.238
1730343600,128729,65.933,17.936,19.988
1730343600,222275,57.034,15.721,14.959
1730343600,222537,57.966,17.834,19.892
1730347200,221881,63.433,20.838,18.732
1730347200,128729,68.6,19.732,21.726
1730347200,222641,60.8,16.672,17.583
1730347200,222275,58.278,16.547,15.836
1730347200,222537,60.1,18.97,21.759
1730350800,222641,62.767,17.834,19.457
1730350800,221881,64.733,22.699,20.03
1730350800,128729,70.5,19.927,22.593
1730350800,222275,59.534,17.115,16.241
1730350800,222537,61.608,19.024,21.969
1730354400,222641,62.8,18.951,20.27
1730354400,221881,63.167,23.706,21.001
1730354400,128729,70.9,19.61,22.538
1730354400,222275,58.334,19.797,19.423
1730354400,222537,62.067,20.871,23.78
1730358000,222641,61.867,19.039,20.725
1730358000,221881,63.833,24.035,22.085
1730358000,128729,72.167,22.277,25.457
1730358000,222275,57.433,17.643,17.635
1730358000,222537,60.267,21.996,25.781
1730361600,222641,61.567,19.169,20.3
1730361600,221881,64.3,25.393,22.456
1730361600,128729,71.966,22.492,25.248
1730361600,222275,59.367,17.167,16.577
1730361600,222537,60.133,23.837,27.328
1730365200,222641,62.233,21.066,22.517
1730365200,221881,63.2,25.248,23.259
1730365200,128729,71.333,20.404,23.22
1730365200,222275,59.9,16.073,15.601
1730365200,222537,58.6,24.588,27.984
1730368800,222641,64.8,22.901,24.043
1730368800,221881,62.067,25.916,23.718
1730368800,128729,74.067,24.245,27.331
1730368800,222275,59.844,18.532,18.306
1730368800,222537,58.966,23.346,26.501
1730372400,221881,61.3,25.186,23.303
1730372400,128729,71.467,25.953,29.039
1730372400,222641,63.733,22.455,23.186
1730372400,222275,58.683,21.836,21.893
1730372400,222537,61.833,26.443,29.785
1730376000,222641,60.166,19.584,20.471
1730376000,221881,58.967,23.322,21.457
1730376000,128729,68.9,26.426,29.849
1730376000,222275,59.466,19.28,19.343
1730376000,222537,56.233,24.253,27.055
1730379600,221881,55.067,20.533,19.051
1730379600,128729,63.767,23.034,25.213
1730379600,222641,57.367,18.326,19.733
1730379600,222275,61.1,19.125,18.57
1730379600,222537,45.767,21.79,23.148
1730383200,222641,41.7,15.193,16.242
1730383200,221881,48.166,16.361,15.362
1730383200,128729,49.067,15.157,16.457
1730383200,222275,55.967,17.279,16.715
1730383200,222537,32.267,13.555,14.859
1730386800,221881,40.7,12.806,12.25
1730386800,128729,39.0,11.629,12.865
1730386800,222641,29.633,10.729,11.539
1730386800,222275,40.9,12.038,11.364
1730386800,222537,27.566,10.192,11.585
1730390400,222641,27.034,10.498,11.439
1730390400,221881,38.467,12.631,12.273
1730390400,128729,38.0,11.169,12.301
1730390400,222275,36.4,11.605,11.309
1730390400,222537,27.434,10.25,11.644
